34.45191069612096,-5.5542539547924275,-0.35991497381624304,0.08503263556181162,-0.004254591945542341,-0.42470141936262173,-0.2362897412598901,0.05130684801625174,-0.44858781370547174,-0.12753236702794113,0.12634890742023264,-0.017727928076757937,-0.106235235088594,0.010491103743024865,-0.45299373901901085,-0.17186040117317325,-0.31204105032076135,0.06857905402638464,0.13532076372194846,12.005789719012483,46.96458672930766,5.348004111257783,-1.820044786553515,3.0009210455369564,-5.944857469578211,-8.67017237293435,-2.300199901545992,-2.9493358100654996,-0.9293764058281844,-1.6568376150663038,2.6606247435202954,-1.6086571975681798,-1.676510868359097,0.7046498925426423,-1.4279021570393853,0.9493089236187733,0.26422139731049876,-0.009174908782207947,1.453095082298907,25.26845779136805,-10.780454158059115,3.218227566765794,6.979523140484616,-3.6568324731999784,10.95153928489006,5.529088614279383,-3.494540958483512,-5.413281029227826,-5.641056400776097,-0.7668996718853958,-7.714757089534406,0.6216197931957264,0.7459163334399652,-1.7100741155636965,-1.7987769014243593,-2.806940665586025,5.468660844824374,4.665681302558358,7.068493360793861,4.607791068525891,36.89961368884364,-0.8765789230950336,-1.2560567073564406,-0.19909763672399095,-0.7718100424792067,0.21857034690645616,-0.1314196870684905,0.5969664420270768,-0.04979797170915168,-0.27755701001247357,-0.0696550850475659,0.13723437532771854,-0.04321268726092464,0.010920932794528104,0.11903243525638363,-0.030014120175976933,0.10103726155168968,-0.10441640337687685,0.06063412884932229,12.005789719012483,42.88042687798966,8.12559640425794,0.8579977483698547,-3.926133600255069,4.286476023326641,3.6649327067398416,1.8833981827596828,4.913851548455468,2.797409867268043,-2.1770618354108837,-1.7069692262442873,1.9357189408563773,-0.01875527845783931,0.6846500945949854,-1.5755327513159108,-0.08869825653007757,-0.06949549229077268,-0.5790262673749791,-1.525304351570398,25.26845779136805,-10.476812763513095,-5.21320589962461,8.433153343254048,8.52650485211088,-5.748202845622647,-0.06528139229933849,0.8935523208650284,-6.473700014088331,0.4577045954674821,6.842308848188604,0.7375525831530867,3.0999699999349115,3.008229767994157,0.27194890688410656,2.193912358653262,-2.386844359110676,0.996965529770693,0.47947808300109696,4.1649948007242354,4.607791068525891
42.18991575202825,-3.514497389081611,-0.7755707944703185,1.0201032239361205,-1.4966138140759404,-2.759899212921212,-0.6819434990840887,-0.4438378359402422,-0.6453384350374551,-0.4295955577340602,1.1461444774397216,-0.4298181315050693,-0.40529618315376736,0.269378655443929,-0.48421647646943056,0.06133499996299929,-0.13371569639397207,-0.1092420422580831,0.09177534566987067,18.028256128616924,54.954208519725725,5.713712832452065,-0.08546238193513478,2.665571796435952,-5.312653138053614,-9.799488085655874,-2.4084432593090246,-4.951083495151161,-1.7632439683048102,-2.663906829350986,2.1938971840578327,-1.898770226622941,-1.791996069699742,0.26227688673801053,-1.9638677691635509,0.8163717624841571,1.414884018905514,0.852225669262503,4.032017415741496,30.408593210353107,-89.75770453869502,1.4335271414049338,10.18309762199748,-9.7521714179483,24.099761935931408,26.161639357953067,-2.3112620377361117,0.24093035945483443,-7.351752009836867,3.8783227758834977,-16.93130416556017,1.3402446149900222,3.2357511236003917,-2.2757301931926177,-1.18838139358109,-6.554467327994326,5.3247105942998125,3.9417432601124736,2.643097494168134,-33.38508220050914,43.137999425822876,1.6142045797492441,-0.9407611846208015,-1.2055163454990199,0.32205219490131687,1.042978017226082,0.6587761369656993,2.0790302035583035,0.32863368220831,-0.508334370760215,-0.8165462228849703,0.4202039572040288,0.2566790784079538,0.14844819555289535,-0.2883584840168911,0.050501094740478036,-0.0434414624315278,-0.25005944752452813,-0.42117092697254954,18.028256128616924,51.37023130770768,6.5828462710307765,3.641955547183933,-4.60737786639568,5.550654284421323,4.13138522643147,2.7895765670896804,4.420724156209265,3.712636819034989,-1.7857931244960732,-2.5759381084264517,3.1633110970009986,0.35773473399210465,0.756636133356773,-2.0261428318923653,-0.3903688809721646,0.7521854720209162,-0.8710379387353997,-0.8783681563750866,30.408593210353107,-88.1161988082444,-12.489598530777691,5.2698181547550735,24.26442337442323,-18.643506311576964,-6.158587535315612,-3.316682377661567,-16.69767899694214,-6.3799932783676,12.47757799150547,5.972095988170453,0.7456727978969542,4.76700297720293,0.45804327940219447,6.083728344128689,-3.235361767622676,-0.6708584678566256,3.319874860720917,7.62449527605044,-33.38508220050914
54.06520153282115,-3.900130182018943,-1.0621094567659628,1.1179578641431354,-2.2305037156694487,-3.592188709050501,-1.163562813120787,-1.175788715038251,-0.8149007059535722,-0.8049195792080335,0.9467634941706358,-0.6160114251466922,-0.7949601952355558,0.23337227416389394,-1.1513334488134936,0.18619636006812712,-0.2690930286289066,0.15290214777751454,0.8836410138974409,21.628785409894288,37.57954875506908,6.7742635340435395,0.8024255813796031,1.34017943348747,-0.7851899928954795,-5.3409702094338956,-3.993348701906232,-4.6551024821365825,-3.3329708249779197,-1.5367528438666604,-0.9633900215156763,-1.1527907864429363,-1.2458101009687919,0.07079933766310997,-2.059307801689482,-0.3876928286069312,2.423220508925178,1.8929654534746159,3.697880595974543,25.00228561613847,-166.69452805789584,-6.388953898582573,15.792504317857732,-14.29617811562429,31.893729184697246,40.89167064150002,3.1427491885910626,9.713634056716268,-2.428512702342057,6.422227557213612,-20.9045049775152,1.9720206290650448,6.128960769828387,-6.795819970113175,4.178553613888315,-8.467667047857836,-1.0871573155122902,-2.8308584516570225,-12.84013194221934,-75.14484395521498,55.220634259348856,1.9408275276117979,-0.9847055945393328,-1.658955082464011,0.8244968504938517,1.638832865116564,0.41518149229425605,2.3128603354891974,1.1596911349661392,-1.2506992473440448,-0.5496941292510074,0.963609054817752,-0.2025362093242835,0.2844823487128372,-0.46503848076493437,-0.1146208558992432,0.1385288773979121,-0.32110801499054076,-0.46111551902494075,21.628785409894288,33.397118281374105,6.290368521059219,3.6825955205898393,0.6777409588706771,0.780285469967976,3.399065750744358,1.8770851510271984,1.9235652375344037,2.568648689118311,1.0484582332260128,-0.9037084935766617,2.8719078627515224,1.2971145993142674,0.7846315286561447,-0.25327153170105254,-1.131285123864372,0.018146790438729354,-0.1932813901942203,0.23372495119406433,25.00228561613847,-158.37107718929684,-29.192826739092098,2.176780717576538,29.88055038737169,-22.95285603547883,-15.456187304629445,-5.121240648620658,-22.181367691112573,-15.868747310262496,18.085074862098935,12.23588406816719,-7.981109233447883,3.296432132939433,-1.2702078790754796,9.249450697285607,0.05167138989841269,-3.346457486933753,6.097601196786549,8.007565672776593,-75.14484395521498
52.12236953763373,-3.5244594249531374,-0.051548923308950556,0.9013559194891259,-1.547456599110396,-3.7407018173466184,-0.976874834983954,-1.8106871180320772,-1.1470533517338266,-1.120792175613388,0.8130902060739476,-0.6679712928532613,-0.657870789864984,0.03018896190159559,-1.085757768703545,0.05729709944825512,0.3739269482860683,0.4525303417820712,1.7771693465049503,22.398588478748135,6.778253447079443,5.351637970567372,1.960268840478666,-1.0447938574124507,3.525189760046126,2.7460462242919577,-2.609256520233928,-1.975987294302541,-3.40345520117175,0.2222813872756233,-3.993019956741805,-1.1664680956357905,-0.2739856902540536,-0.11628992661390036,-1.706390031504882,-1.659423864265537,1.847077138653065,1.010626540145617,1.652251072545156,8.709002778728273,-172.20337468203402,-33.18620932145884,14.717122320143687,-15.800516485323415,26.693561804841494,44.42696567114419,13.69444282211343,19.252984475876808,8.08708264140321,7.3253408807054985,-14.493757384075087,3.214736489550678,6.707828127479744,-8.714600560157105,10.53215999178937,-5.245025748784229,-11.389084745338192,-11.083237157489469,-27.993071671309952,-103.00380406518252,53.424219057444866,1.0061409870669387,0.42924550982697207,-1.7728578470518208,1.2053636532449254,1.5741317010171372,0.9900680067949765,1.949381573400649,1.2017758844706974,-0.6838824535947245,-1.117604617159071,1.305702584083201,0.21531644076680712,0.2524582915137601,-0.60200352267914,-0.1828951928004261,0.4583841896390366,-0.43158956693774475,-0.11767512540108949,22.398588478748135,3.5639817721752394,2.798411080468456,2.080607939637399,5.904140807393674,-3.282181855782509,0.7185724170797774,0.22821350979514143,-1.9398447945550705,-0.2782061828408908,2.4489671260234034,0.8774484015071267,1.8404608788572818,1.7068112712575723,0.863681017265503,0.8052008109410045,-1.1850857066742682,-0.4487458675838365,0.8880387243951,1.4074286350725909,8.709002778728273,-145.5958010168179,-53.035459417563416,-7.4517360178145875,17.9535756353865,-16.806733863581357,-22.09852947499981,-8.455891746763195,-21.691314749900243,-20.097071928731687,12.168188389804115,15.406775039271364,-16.106031010390282,-2.737856932528835,-3.476256121053182,9.741474697891555,6.144563690109879,-4.678001350274713,6.666707157616248,3.7235276180932306,-103.00380406518252
48.27545818085276,-2.1621411698348947,-0.3207131187071255,0.8144960045290439,-0.37142819587605436,-2.6047852218668663,-2.0854984242630734,-1.5928197520061218,-1.8642157678462459,-0.5503104800216074,-0.1888189676547185,-0.4750467406241301,-0.6028529822173816,0.16548561934574657,-1.1818769937466946,-0.36368786521926677,0.6457478818018076,0.7341755887436154,1.1415640612916802,22.321766352016112,-12.294699763317112,2.334564592908843,5.053341761168451,-2.291985185350988,5.583085673720541,5.502895792841747,-0.6284186767880091,0.41993311786832477,-1.323527140565743,0.11118205522719737,-4.698169174837485,-0.9887979485292326,0.6289643268322522,-2.5039766858379897,0.5326357810754379,-2.046626786935297,-0.49545382031942187,-1.5038045700522762,-3.777087717212593,-1.4541689704270269,-80.38817678534275,-57.15816676005964,12.910156265784158,-12.918125697521715,6.88456988994975,20.72944364712457,21.320259705076253,13.5291026965259,17.104745495036784,0.6225646130694682,-1.4305990874188295,2.1831856358181074,4.501001710622373,-9.70030705582414,11.370687046915084,0.6095453623305893,-16.50003239770853,-14.576010303345566,-24.602734810359507,-83.80299561483855,48.455063013719695,2.5726371337757286,-0.09976229428540773,0.42344359348774807,-0.823323036667023,1.6525263803831076,0.6414769535304701,1.623573375873106,0.7979552717188101,0.3344461480177876,-0.3709801346988464,1.1304389932638936,0.6260259312167824,0.3512316491421681,0.1492191887369818,-0.47895853833771085,-0.14080216926422784,-0.1102920387673787,0.025748703660624428,22.321766352016112,-12.401986948892535,-4.578599370006948,2.7270619109313907,5.7583822565361,-2.7735339243108585,-2.3567545408990345,0.6034593870966232,-2.996547821718651,-3.1415422869252643,4.748095470378846,2.6842795528725185,-1.3934105667957062,0.9549225193791433,-0.003976286897119374,1.6335207759102075,0.33449585127018056,-1.1422585659552729,1.590235999453045,1.3355800890940603,-1.4541689704270269,-36.061249409497385,-70.69127702873772,-5.685026567217478,-12.85841664096403,6.690744013199784,-18.190727178727517,-5.897875265786292,-13.025046662447785,-13.21745528828066,0.3952512005442852,8.899344050688214,-15.460874790868058,-8.111428236036483,-5.960911880796913,2.0212100817751457,9.763246406920732,-0.40136956943687907,2.0899490069363194,-0.2191237153338087,-83.80299561483855
48.473914151552165,-1.7076729098899492,-0.16613454326040422,0.6494372250369409,-0.6635566939495745,-1.8805778443670507,-1.5256039536299095,-1.2233159646075773,-1.8224085046769933,-0.4457594136894616,-0.2825742700185039,-1.0835345215842456,-0.6383426347898813,0.24517701954605253,-1.3221397197552711,-0.49343481952607227,0.33240241771720336,0.10543450733167492,0.788939358245329,22.03626704692015,-6.210354562098196,-8.65954235771001,5.147640688242285,-3.4186041368065267,4.849989931059122,6.992061748778402,2.7563131391885793,2.1378909427847894,1.2755755101907065,0.17479616145483412,-3.1855919313188066,-0.37339840080445375,0.6245307801396085,-2.807635381589993,2.006240435348675,-0.9766741327437745,-2.820321189141281,-2.9910078977187857,-6.227034263319912,-7.865081528955404,30.515144935383603,-50.15490183669947,-3.005768885138039,-2.3824169127656996,-12.074800491835923,-13.96342717077523,15.141620351365692,6.036050542419,11.897196664294698,-6.613524178859535,10.540779691745033,5.560943489983918,4.297982296458057,1.3190604031507123,11.181502447104112,10.305228012833105,-6.25617165965962,-1.8280644066572442,-5.7772850953837365,-25.693111914715217,48.30277593472508,2.697505316901507,-0.3429288649290645,0.7053547202219375,-0.4951287894095002,1.395417468132699,0.659735161245163,1.453751286088814,0.37039852241152915,-0.07642350542942955,-0.4671790194074874,1.257019427409599,0.695803643766207,0.5469140539709814,-0.19288691329734697,-0.3598729173774222,-0.1281488728923761,0.08855192656144084,0.039111279220963246,22.03626704692015,1.4718834144320496,-14.500399492217849,0.3938543431058634,1.8290893024648582,-1.075802950229939,-4.0399693652467406,-0.8015564243266291,-3.964876689114329,-3.4808036573090657,2.4484824518295674,3.3334553879846407,-2.7570451934205287,-0.8400976923047507,-0.5871880193931858,1.9011983632477816,1.949022476515499,-1.0066125249194393,1.5705569452490917,0.4324680837215308,-7.865081528955404,66.6502349038431,-41.29941221779018,-4.655463135828741,-30.875093924497936,13.444223560534915,-2.1830449261382925,-0.44522649568823125,5.233167519235707,0.3254099174171037,-9.443232198654167,-2.207845933104694,-8.960304663188994,-7.992898791726239,-6.752231959446339,-3.1681260430223164,9.108868000084026,4.143071514547694,-4.36302893877931,-2.006367402517238,-25.693111914715217
49.742079344203376,-3.6412411430961154,1.5218542337939893,0.09792461869373392,0.11908916861041119,-1.770802799119412,-1.2034075921918137,-1.2595077328163387,-1.1389866997648603,-1.086844932556398,-0.8544888552018808,-0.9026287850458163,-0.4902421093569811,-1.1261100975773295,-0.7668245827499116,-0.5617510739123577,-0.49605767350418506,-0.4254522200234254,-0.5107878505790451,21.082861640594768,3.879764366986521,-14.79922968184759,5.6638177903898725,-3.931978275576349,1.9946948665728974,2.9007438518851654,3.983996320920641,0.052509747582702104,2.8798865668592444,-1.2017279244215318,-2.0824035779365904,-0.45773281594955084,0.5554325191455636,-3.4336814627609136,1.769720488341281,-0.42429501320251783,-3.4930965260319127,-3.394222479265966,-4.663844141272675,-8.612170037438965,82.22136181994813,-17.95607131954482,-24.333387149949257,12.86003779949189,-31.514013246828355,-28.097588344098128,6.659593210404809,-1.3427815378707841,-2.8870744969412017,-5.003788107608857,19.397933477219194,7.772411090895682,6.539363871134712,21.956327772036744,7.4392640540820825,18.270942099277775,8.592975156593154,10.58321258739917,10.742934156780262,24.65910205496415,51.58036234626248,-1.1941543223089601,0.7649125483043808,-0.01887023783283981,0.28797610966563525,0.5498127111092659,0.8820776086174744,1.0624015682857895,0.004608672533091163,0.8196190137627308,0.4672328483094601,0.2912453497567,0.034681448865588216,0.13526632403566685,0.14716360249927285,0.14111593202434514,-0.139333874314018,0.21393923798638892,0.12828132321106311,21.082861640594768,16.412542755497007,-20.40586470696649,1.6834590352468681,-3.713941609146931,3.022468023791583,-3.317026947456142,-0.5569675148050623,-3.5764421464098595,-2.438780217787932,1.2463261705950734,2.3179600385286876,-2.5597764965436016,-1.4851450369228127,-1.4703898934129673,0.20933473303313166,2.1832839880011106,0.09639533438809123,0.5104340028469435,0.61164336920269,-8.612170037438965,88.01223396595645,23.311928838532435,-17.747405334676124,-24.401670316768204,11.526471855307648,19.007298516109177,1.1323857895633953,18.923373940325636,8.290538127964725,-20.704054754381033,-12.19215005126395,2.1012582331290997,0.2646509263112977,-2.800895470943204,-6.501356357925523,4.331422829700405,4.267497409158567,-8.250207566156835,-0.5893163130787221,24.65910205496415
48.283881674909324,-7.114680617177532,1.600987744561635,-0.4496604559964825,0.6322796841759324,-0.661662154331145,-0.039763681425294184,-0.9083976562345741,-0.8718801306791661,-0.7651268686185757,-0.4468708158118746,-0.640879471044645,-0.40191083622538004,-0.7278308704318628,-0.29016375652759896,-0.33200836257708666,-0.4653308686315758,-0.46315970269380125,-0.5101718292196435,19.085500069981105,13.948593849619428,-11.158915810404148,0.15214638329893537,-1.41600576868262,-0.7180150822980131,-2.934591390617367,2.6553461565945926,1.2257496620497708,0.4434362772631055,-2.4280257123297795,-0.03051290931973627,1.3484710830663276,1.9117713618183196,1.0080926634229177,3.265818838414252,2.682024255284625,0.21781266167950042,1.0418032914238398,-0.7930132631166711,-0.5585526451233669,56.60917071937104,23.21855958682906,-32.78536768829992,19.49133140764861,-41.47706677130392,-27.940447628459076,-4.5250307888570775,-7.820730940185985,-11.252719799340255,2.173025572624521,19.617348066010607,7.034362175736976,10.805559308659884,31.83470917947981,4.409400885906606,16.303021229466637,12.377012090723635,8.022972321121573,7.936237933689233,50.38106784461206,52.5975110983895,-4.360663030999641,0.1938352600850095,-0.6371562801590978,0.11181260496362677,0.10550385303068799,0.4689894670881598,0.2475291326371427,-0.141952644590976,0.2977723394475875,0.1300165853290962,0.3467768091265335,0.09093983579002884,0.06684694437041783,0.34962345206360523,0.48157881027629545,-0.045656220295787975,0.1915732673099173,0.04729260668445656,19.085500069981105,22.481834371902018,-9.937662359946863,0.27467780956528953,-4.797244222013779,0.5419289504337277,0.10718615728918479,0.5858137129018686,0.9666861274083871,-0.4668822587010051,-0.5217643234117935,-0.04331480787330477,-2.0565084878632676,-1.0696043464545686,-1.7792281591997425,-0.06676918913161578,2.44495422500228,1.0034629395183285,-0.7535747466915041,0.7662132937596569,-0.5585526451233669,30.459735680712335,76.17815625161225,-22.283364043319406,-6.028319472519605,10.53569620530731,28.607187720603186,3.346034326031273,21.736771229368,5.639709015855679,-17.847856021639885,-12.839432343256878,5.46806278804708,12.262604524675563,-1.0880470565483906,-5.721310763519137,-1.7713458345303792,-1.4635628040022588,-7.201681087243236,1.190677216499846,50.38106784461206
50.31035660266744,-6.858252157114898,1.6276346325767914,-0.6019442927424188,-0.0219989516523591,-1.7638711409422365,-0.8364203999050606,-1.7240240324012723,-0.8995366714155373,-0.9914907147678163,-1.1478724837263283,-0.9252406738687058,-0.44335262192685043,-1.0648511670457526,-0.8130047311898903,-0.6565486002950185,-0.7019337380397592,-0.6786385458766295,-0.5408024156121713,19.49106482176615,18.736506940798144,-5.393784340516497,-4.615604661334503,3.136734530333004,-7.38991844301507,-3.5825718095094343,2.7518614197113886,0.20461298930044203,-2.3509947725725433,-1.0893010616849241,3.423258052772576,2.036472854983218,3.2550259715602525,6.566323177673927,3.6224786065836905,5.259495068689391,2.281966832566764,1.7713961290759968,-1.1226311389240835,7.22211761513903,3.926150079048881,33.069314615032006,-32.638568447136265,14.667760461405244,-31.199778242291877,-7.618091458632261,-8.273590848155024,-5.717585673738845,-12.199469479039783,10.42355538088712,17.65179942145577,5.13196283621892,8.829965255582115,28.76013476627171,3.0992883441553887,8.288014985163779,7.4195375300315485,-0.030512572171231156,-1.314901114424214,35.957540683601934,54.51396680963599,-4.101211045756942,0.47358516083098934,-0.7622717108951997,0.38444027804220493,0.6389697142060422,0.4583660432064405,0.4384633793940118,-0.16525925367390348,0.7705113108768158,0.4894020821972056,0.3056720541336255,0.1858853167434651,-0.1439297427640338,-0.017368627426928462,0.19195759183598549,-0.13385082836847628,0.09341429228185483,0.3274797245302228,19.49106482176615,21.099154555350708,4.795996483123776,-6.087052489636383,-3.1292861396086837,2.1808360530111317,5.0733169558875915,0.475967213264072,3.999357740182809,-0.503233922246932,-4.11880851919099,-1.7234103748304839,-0.6930498030097869,1.202001309609701,-0.8084039524654432,-0.6331736268628554,2.252241391876993,-0.013547593594873453,-1.372801937655074,0.8740493275356362,7.22211761513903,-30.0867871615703,80.78894658853353,-25.225468138978293,10.37317316562461,4.05348174999968,17.76202826958853,0.9492223898480856,11.954891227771547,0.1449778501936243,-12.14862079863522,-9.211965879073754,5.391714546370688,17.010354389312113,1.958878152696116,1.2135112558457593,-7.080768897286247,-7.633409561486486,0.09689306845186252,-1.992671208275197,35.957540683601934
55.16407244712985,-5.678625308082632,-0.14295155100233758,0.2913687964137073,-0.9520201749671959,-3.351339368764322,-0.3814244714759898,-0.3781829837902251,-1.720415380220102,-1.7074493787486422,-0.15113891041614824,-0.39799303563963706,0.2940983024042132,0.7185938859917229,0.3338597736718443,0.8949760713075707,0.5442467808247407,0.7529293159701969,0.4074400092035566,22.552889133772773,14.665859510681514,-1.7529852349610264,-6.105331930045487,2.792705164063102,-11.196236799798854,-3.7365042347538377,1.1098651953646668,-1.848526148167073,-1.7353437197635269,1.2050955163987909,3.870251286331913,1.89667985159765,4.677513708262206,8.109716887932493,3.284561819180773,4.33294144104359,0.48065317692119813,-1.5623310413289804,-4.029521797649592,9.408308567061631,-75.8387703745811,41.72377066075608,-13.125234412527396,-6.605106352631575,-7.737529101183769,13.90683011280645,-11.517889527556958,-4.75075041436676,-2.678019962572812,9.942779853145163,5.038198378708151,-3.8377201183128626,-4.727565251260618,-1.4953925056589417,-8.66929069237793,-9.825087068410063,-4.3870836176179155,-7.013627169399072,-0.04739234068549525,-10.586525061183362,58.07689088898933,-0.817797501347933,-0.05992626640972398,-1.3215666542537723,-0.2723963983809212,1.4044320452289032,1.1644978004016142,2.2490634442388964,0.22189135616452393,-0.31275181569236876,-0.49992104028801254,0.2215518312895024,0.08539953659998423,-0.20310199222903957,-0.1440053929000542,0.8371833652178977,0.3708410738940173,-0.2279729739320442,0.32261872544121184,22.552889133772773,14.358445354861367,10.987748038543142,-6.8625719161122145,-1.477398168564068,4.612861137813942,6.068452543382985,0.35499337465444025,3.1156089822733364,-1.6287222971517261,-3.7928782140973434,-1.0655755769642128,-0.9563771461638959,3.9476313967667744,-1.4622045181411432,-0.5382028385637934,1.0288708573123684,-1.6834224629290864,-1.088665628121518,0.8966037128049806,9.408308567061631,-109.61105275636814,45.467982266695444,-2.9276808105343317,21.382573993592423,2.6348233677736546,-8.024619122131957,-4.519200603394506,-6.554523124373823,-3.361314248512992,-1.2129999086457985,-0.7216835521228901,2.618221793355279,8.209075977559042,4.934104731500495,3.568810276165536,-13.026933987268897,-6.088697310962234,7.133975870806141,-5.520427900744771,-10.586525061183362
55.670237428492186,-7.056160967901814,0.0860215509087241,1.295777257655141,-2.7837201233255597,-2.2172500966575406,0.3433535126892284,-1.4223085743882922,-1.890216461280664,-1.1603342083338268,0.7092742184865442,-0.005835575256711412,0.7892663071083486,1.4338391130478412,0.732402955442212,1.454504243490009,0.14013691805103878,-0.1477986648174261,-1.530909339252687,22.96022591626845,5.484206575979918,-2.9675376620531484,-7.526727276506048,1.297546488753412,-8.36608339582262,-0.5073454553627297,0.6199413774580922,-1.2691451841782984,-2.1304581741473303,2.193489151657743,4.79311403496547,1.8341442178942473,3.5875439737146784,7.3955738081201545,3.309993170035715,2.8942538864998886,0.08525198136301282,-2.1074115989751716,-3.703040431218322,4.383169698269505,-101.8203824398654,50.79324943108119,2.5272014318150937,-28.206603864620554,26.512909881277437,12.443845039302843,-14.821559638648749,6.843792481600053,3.8774867793821284,-1.0046861130915903,-13.072950073068839,-7.2161316686528565,-16.484387071419043,-25.228079989116615,-16.106590318545397,-17.545007538872945,-3.0741005507201837,4.985442054499249,17.56050875243523,-36.88166394362264,59.39024972863792,-0.5675888455729261,-2.1517329332664437,-1.2413081205898444,1.570498637843475,2.4370070929539542,0.7723070485927832,2.061313282576317,-0.4289302889681248,-0.9345231682627864,-0.07950352629722746,0.007332937170322129,0.6384522532654611,-0.13396118389732603,0.07739121154967488,1.0894343504920403,-0.3543563182063574,-0.2626886102201673,0.4276429276005036,22.96022591626845,5.430843683232183,9.525903388055275,-7.3606501714035275,-0.18727805305948086,3.0137428051013155,2.5833539942912234,0.03305384924269461,1.3265420400434391,-1.7853712734657594,-3.192427283379761,-1.7768925164627354,-0.4139848942079438,4.511414286122571,-0.649462637594209,1.0518071856721,-0.6490587767970568,-2.3768667451314442,0.7264259777878816,-0.44988744445757045,4.383169698269505,-135.62682573106937,10.590107885768921,32.547445681410146,25.15452844211209,-19.377504589481074,-23.876739206019373,-7.9272665499622725,-10.973160398191354,2.4102366813924596,9.71680559336614,2.8150956943520025,0.8300114712513573,-9.768569524376343,6.410289528327919,1.0740881095412194,-12.572322939536042,4.899188673310441,8.495518040278725,-6.184293515195362,-36.88166394362264
52.93687101733771,-7.892218829264587,-0.6808716796270748,-0.0021686491637114003,-3.5849781298868946,-2.303224793850412,-0.0747180400401053,-1.9835184593246007,-1.2442120956283662,-0.07815736363617498,0.5596814762476456,-0.15224209455181725,1.3205365533881235,2.0776824334875865,0.5794133097467364,0.7789359360521946,-0.6460396082163757,-1.5097451638878931,-2.0298792662241816,22.055073806260772,-17.34464115526201,8.489846180742216,-4.95490951537899,-3.798964924208611,-4.098697156486122,2.481210488712505,-2.0376385860572386,-0.41274645839423885,-1.005842003235907,0.9019691075714684,1.8036582889378923,-0.4692246575456185,-0.618270264889202,-0.15422890462966699,-0.9125837895007249,-1.0478986878256553,-0.8773717215275818,-0.5256064292501119,0.47349521268770056,-4.432341217280285,-57.40566162507201,44.568087495967234,8.71061817657976,-26.626608338449884,42.0440563060918,7.475257055481208,-11.270308502965591,15.333794626636653,2.8176334860030234,-8.04447031020655,-21.53979072681269,-8.045147267295503,-20.704862643129232,-33.23670325215906,-14.574548373436322,-8.88762535645698,10.013666894687336,22.032586812213,28.083551972287477,-28.787940200581353,57.338592316319215,-0.6336001118200785,-1.9247916509223812,-1.1363371595938094,1.825213993969963,2.2407114353482243,0.48951565172220857,0.9939086721826582,-0.8244782755197284,-0.7461495280312831,-0.11831839890579365,0.01775779452623727,1.838472065912418,-0.6692395941335076,0.03314211329340688,0.5472758596044522,-0.7771147068413906,-0.17470809549983057,0.44551286155180647,22.055073806260772,-24.48953657022279,10.431375320935112,-0.552363754818304,4.42303873150783,1.442887258275463,-2.66014192297861,-1.4523299067846955,-0.9741675847088391,-1.5064707073480874,-1.5914548956403074,-0.3774155131186241,-0.8869300455865496,1.3802271540685171,0.6083535491148879,0.8751455426836745,-2.617862684295144,-0.8592261401945034,1.7637992309900887,-1.3320322706161254,-4.432341217280285,-84.949190486392,-5.680263438790638,40.981069551316814,21.13630234629697,-33.220143686975064,-22.169443623632887,-5.308984666634402,-6.5189101217332315,7.204189539643107,10.266747940368596,5.372807483386184,2.230291172004511,-24.89694900843628,10.481452394974855,-5.4337197737475105,-5.558893727290353,13.591530179774095,2.888538739683919,-3.3927829745303155,-28.787940200581353
54.16606060555347,-7.2352242275504945,-1.8667689413638637,0.19359767442299658,-2.8885616721038203,-2.5416011560805565,-0.6798029268939567,-1.5559288867232337,-2.2028674007850704,-0.7093921464951785,0.8932743404245098,-0.13104403546549204,0.8372002394385336,1.9533914632663927,0.7192150857905211,0.8485984105826139,-0.06416455283769462,-0.6010071054351704,-1.1736629935074634,21.931557334656905,-16.168433946162793,14.881424667172478,-3.927215152760205,-7.670732357841418,2.317766675967283,-0.4695066515911841,-3.0851665089020326,2.9086193852140516,-0.777002241145289,-1.440080913817058,-2.0799204850648323,-0.38864072477157596,-2.3392755775735656,-1.9157439206033,-2.332243748348259,-0.8225886363124573,1.4239290064310623,3.7457548502861866,5.406114732124885,-4.298389464501334,25.386043700163754,-0.607590826614441,26.824605875994305,-6.151421805394646,31.93624810518844,2.0637852318982484,-3.7704748390787075,4.728058698462995,9.003496557325576,-4.078264060327998,-26.36296801004542,-7.136840152738211,-14.964797194330526,-28.91024864841014,-10.870636864304247,-2.21163986347889,10.450401732863286,16.097486319129402,15.936143733579009,-3.927784796831908,57.59853793758714,0.5696419535067672,-2.274307232614446,-0.9485254847549216,0.8425064844174206,1.5125070162919934,0.8123840421674906,1.7293117854438504,-0.534760074564657,-0.6090034746436075,-0.5898454967252715,0.20057662541128618,1.5650561951485336,-0.23559226060890426,0.41996121231239103,0.012381956244179815,-0.7483063105664944,0.42999484195968884,0.04108893424614024,21.931557334656905,-27.2902673476419,10.369236784812252,7.0315662704217345,6.497759631411411,-5.922929301960166,-2.5007554139412975,-2.584004420997496,0.5576658245782196,0.6407586235474785,-0.3611173817364386,-0.659942559577277,-0.3127676176727814,-2.3985813312293414,1.3614617780705007,-0.8028037627159796,-2.210553307087272,2.0239485816930554,1.4487246529284856,-1.103779438351492,-4.298389464501334,32.909581939127214,-40.55061032890805,22.20897866833411,5.0943598713014,-19.707457980024245,-2.7900140847112707,-2.8033988197257003,-8.195487009967286,7.016324014695586,13.510619060576778,11.395647746502059,3.292151189832943,-21.487569845308485,5.657785748747634,-10.538639293769721,3.96997837317062,11.84987403386257,-5.147705467003955,2.082543886658619,-3.927784796831908
47.2438402809682,-1.3441705878871835,-1.6440110625555389,-1.0570238740745261,-2.948947978821127,-1.9485585946965616,-0.8886655447130165,-0.5177460568198737,-2.0670109120858524,-1.4819358558822322,0.6586901730838151,-0.570001134308056,-0.039003796205480334,0.38170325856761367,-0.11583818625267273,0.6739796438484407,0.20771165550531645,0.7167303216540131,0.46556444267479513,20.851052815938402,-3.2106510407831337,11.606577348409777,-3.549778903628528,-6.036459581864424,4.483866317352091,-0.017795108899006706,-2.672735112938066,3.7294888804550785,-1.0032549432630358,-1.000354605967084,-3.463126817059282,-1.0145013107171899,-2.7115078376582895,-3.8529758737853097,-1.1815939083454012,1.7475500242212731,4.818148111730841,6.5273791401468415,5.4576766068225435,-0.644881951843626,95.07286569318578,-101.99101910977389,32.53174060632343,26.755527288084963,22.08932622761465,8.25197255861834,9.15463607515754,-6.055538702987884,15.039799244122495,5.807156724860853,-13.810936708168404,1.868873495556551,-3.1446144207810867,-9.288985134638413,-1.269043852307972,-1.0364088037143728,1.872345242897561,-3.237198809132439,-6.835776168771441,17.762426919992407,46.72797849940333,3.8292747595797763,-0.27482099414487493,0.7435613935826817,0.8130433074698376,0.5366111220705787,0.41829435022191275,1.9279804004507102,-0.47842910471125366,-1.271239110322112,-0.43345781163330255,-0.31853503562425445,0.31221114269270656,0.1518903206841935,0.12228237806042497,0.06677822019425617,0.13820299997683416,0.3075849154730721,-0.15012041318966918,20.851052815938402,-11.75559437289759,7.725949620769335,6.431854638633561,5.74823416234897,-7.52887465214285,-2.474214564317199,-0.9909698235426649,0.24059202913933042,0.760307524163208,-0.07515919473470634,1.0623531862861506,0.10815980157077831,-5.04584529877541,2.773059471513929,-2.3277572512435087,-0.9698287411877002,2.9119349635457112,-0.005545595849860474,-0.47284177751321643,-0.644881951843626,170.52964294046055,-99.46320974514548,-28.79217728616068,-24.926355714840028,-3.908049549599241,8.764275241154747,-2.520442696434843,-11.732816380741827,5.459487658515362,15.329696646455284,8.315139171690252,4.046484230705385,-3.811382519581981,-1.5266800479296834,-5.395822642036499,8.400039869870897,1.0416091989309817,-6.376338934122556,4.05828563461244,17.762426919992407
50.43253582359554,-2.889472755004278,-1.3960163340071463,-2.0121613088101604,-1.9428518608748022,-2.6293365220300577,-0.7922559894253323,-0.7008850830336297,-1.8673181736245654,-1.1784854191193272,-0.3801903724639568,0.008723582235619975,0.29939869311836764,1.3239567402061776,-0.08609317073221301,1.0956880714356574,0.42522578940572386,0.6118410175547142,-0.07557382763973286,21.413041679178967,11.110233368822357,-4.8296986591941495,5.183010355615875,-0.6594170851160044,3.3107589198524936,1.7740499593921504,-0.9477477786408479,-0.9762335043714596,2.3699965745290226,1.1055189782630204,-5.754977417058653,-1.4616375318890724,-2.8482358370660408,-5.210177031507093,-1.9908202026940705,0.3907095987369793,2.462692931165444,2.4148387758910523,1.772940738503761,0.5255476671352213,77.46789101029475,-138.26581499968884,33.00693883485831,47.98458071271598,5.927859245139895,21.630737803335823,15.3425035870609,-8.229725656751079,19.216259727112835,10.830371811009584,4.484676387571395,7.241465829274841,1.386405813368409,-1.337542324285157,1.2396892224783325,-10.670479222510327,-11.672840381894524,-20.312116362060493,-18.38930357847129,16.512099838022415,51.05042296327491,2.3855921111332727,0.5390648735556707,1.0676224185276157,-0.8848806698865452,2.0386795426221282,-0.48408451115581697,1.873110330731401,-0.28157556259862293,-0.8525370679855913,-0.2519050997221115,0.019095543409177296,0.20229204926064615,0.13620474772907376,-0.368580802191824,0.2244065166535023,0.1999591192310579,0.22052721075762416,0.1735698457954954,21.413041679178967,15.518663554133191,-9.396688926315864,0.25172996603759534,1.6973041671706492,-2.354105229701651,1.0953832726048827,-1.5993256022411708,-3.3785812718642885,0.5894016181263857,2.804734396455827,3.201047007085906,0.7345457771298638,-3.019334410109708,1.0970772755800875,-2.616061064249169,0.5119134382345314,1.6624897199297326,-0.9627543422941212,0.1617892523202844,0.5255476671352213,174.08432762911917,-113.96745995380283,-65.69350546439523,-36.60078243358684,17.097255086933647,3.111739313474614,-1.2111544751925787,-15.022738308285591,3.2669619150724074,13.009576995756333,1.4446769383213662,-0.62174059851167,9.247769916240332,-5.524988110810371,4.000239340814474,4.5684424096068295,-8.273986723121476,-2.895723047587687,2.7137719643732012,16.512099838022415
53.198307887925104,-4.261805891332807,-2.6911374351196975,-1.9175189484793447,-1.815899876825358,-2.2682546653251645,-1.3548590652434505,-0.5462959209418634,-1.9136141808401366,-0.3437880303076426,-0.535149575837762,-0.7293765587609682,0.2336834077190617,0.4659118581250392,0.39127048383540286,1.5291661177363094,1.5183392765273356,1.147520344690585,0.14991445425322514,21.991890658077928,16.5524580338383,-32.65010171096141,6.755848033594686,6.073141083471164,6.449469835378595,5.485418462530007,1.4709700863909396,-1.4980893650954252,4.9405582109881845,2.5327475239618558,-3.2642815991493994,1.0017104937914052,-1.9360973455335078,-3.1515049164969775,-1.7178174884818052,-2.17275220720756,-0.46058106244599206,-1.4787477966187643,-1.1278058748874582,2.0369036768976407,20.929891873782907,-105.49521265968468,15.963101905961203,37.35199963039242,-3.342484798437787,16.25743410499104,15.022057036962433,1.7031584582699573,15.08766921903284,5.547259003923022,15.201522049160248,13.12550720451052,6.3514811693043765,10.06766639742897,0.3224583427559631,-15.909454671429174,-18.393381265722798,-22.78891189590776,-14.567192476349435,9.368944263032478,54.73485261702653,2.321399619751336,-0.11555038469065915,0.7297059699394066,-1.0755297549494793,0.7405178900245573,0.6422650166125299,1.0423054141085482,-0.5709167694211414,-0.6619623287276444,0.24388799573570163,0.16257823631268087,-0.0030685105313432715,0.531391637454468,-0.7364655050762401,-0.043650791194059124,0.20472006003268883,-0.07274707782372847,0.14285151702052068,21.991890658077928,39.370819449119935,-29.41726669607357,-11.558534245706575,-5.639911393791802,-2.295549552653415,-0.07607364567432606,-3.20489066438028,-4.872452226858499,1.2489516246201404,4.490467538491202,1.8496592893949104,0.6126553723648205,-0.21508756628228998,-0.022794223604747144,-0.9161371275679808,0.22092387797940272,-0.15769210984735116,-0.2186307384598858,0.06432620135420597,2.0369036768976407,89.94607120968521,-76.35576081588917,-60.042500032591036,-29.189611947078156,13.430403538770397,-0.7858760828717948,-4.196105951402357,-6.196162144569744,2.6087658172481194,5.232631675312511,-9.771996669342986,-4.380750987978287,11.418919369484415,-7.576534354389249,8.87961481068367,-0.9019699867595794,-9.398844876236048,1.568011235173142,1.2342106762643439,9.368944263032478
56.743943486486195,-8.191255905424757,1.248299422726153,0.29413666906740366,-1.799706263175458,-1.4947281410701798,-0.9205800559491637,-2.0297707068479687,-1.094567479143417,-0.7257065701509631,-1.3872944936440281,-0.7821750891835721,-0.7232612810567578,-0.6938013522658661,-0.529749350600552,0.6163599730071692,0.5118681022340179,0.3910172709920696,-0.1293676300447979,21.623912247154752,12.68395702167387,-32.12314330298635,7.423440796057344,10.26675766584878,4.298894539523978,7.594255464362219,2.514232684963915,1.4075456796137646,5.859221045285519,2.2085539267232646,0.06299509976592388,2.223986287611547,-2.033777916951752,-2.9352505613900446,-1.4442873470408908,-4.1976771318532045,-1.7731265974277826,-2.407239862361258,-0.49579581625575786,2.6167676401392406,-41.01551892401818,-7.408205907961866,-20.415268896363536,-1.981257493268739,-12.26920904176962,0.15798605090581663,5.735218560176563,15.8595042640775,-0.41090410151362633,1.937856166127213,22.670377361805983,12.374643588217195,11.001084262343525,16.27755786594127,5.221250465518047,-5.377507716475005,-7.075649991720733,-7.938214525613505,-2.8429243199081045,1.5630583779789333,61.35443265584213,-3.3747649397369446,-2.228077554322756,-0.09294568934795944,0.6097404007762535,1.9582452686174454,-0.09926409214840337,0.4828586426827872,-0.19381543314652028,0.4887253327870722,0.6720051031331793,0.3272928780077504,0.2130288167057044,0.12319571879600222,-0.45869537824386075,0.32355318105560316,0.04968001937044453,0.13878366746102855,-0.024502404698812486,21.623912247154752,34.18868955590893,-28.042885033667712,-16.81999201960581,-6.108558807311626,0.009035691761940523,-2.143956216525427,-2.082621238174978,-4.397181201565662,2.029917530855216,3.8608577495287735,-0.3312571419709738,-0.8758857023256374,-0.19007523935573545,-0.0031054297753465576,0.49150584585349333,-0.5217084118674089,-0.5782312431711512,0.1074057004396547,-0.015477445598602646,2.6167676401392406,-42.039702921702656,15.878191554764662,-14.225019858982856,-1.7405303565236112,-1.2538938831941429,-8.264793243558604,1.9324444147616848,6.440852005312968,-1.9696426106717109,-9.068753102191435,-16.141945591663028,-5.2177954652695835,3.3996126351503215,-3.1772132504721773,6.847876956377733,-5.103750565354316,-3.9530865571688167,2.3434212197398483,0.06304090415343444,1.5630583779789333
52.364365466442024,-15.018329868157647,0.4117550758751545,0.826397678722274,0.20421414001849847,0.22684644608850313,-0.08901846825563098,-0.6023479274604169,0.01689284616766562,-0.4419515183854865,-0.469898565900849,0.32630344829724267,-0.4957224818846715,-0.1851701534448531,-0.7529188405594058,-0.17273241054109523,-0.0659000321318266,0.0877682966259532,-0.07144159356640145,21.76406937039933,6.4674330696825635,-27.494306659536463,3.311556829131339,7.1764528578493945,2.3185561082974555,5.20081919111148,3.1073031737407684,3.389178517597445,4.795967430875136,1.221757421764305,1.228647949108554,3.70544038178776,0.05700378693675434,0.04339408987065174,-1.2936311647940095,-3.9129839461982217,-2.260632756833944,-2.4560374886808827,-0.6915513539724145,2.9939801931706036,-75.25081472689548,110.64080664236134,-23.667488145311456,-35.495361826626905,-21.132489864962622,-21.763752166095237,-9.193606416649425,1.907406137626754,-14.637712496321738,-2.663919824515147,11.303109681972796,-0.22718289130956615,8.939648629596103,12.317982515194853,7.430925955139564,8.709056699322055,4.412257757782346,5.546539638396637,2.0435661172028086,-17.039288566662588,61.261383377679685,-7.999180063021899,-4.670516903058949,-1.4961102493754321,-1.0820420041882692,0.5387914362357571,-1.376561191471934,0.1868801310457675,0.10216664287276522,0.3033634585371572,0.029416731636507265,-0.16630601674113077,0.19929897582903244,0.1469977233483557,-0.29072889769754706,0.1276668269829071,0.13449649498346528,0.239141317891427,-0.018921187265412254,21.76406937039933,23.882428231057148,-21.12883273349933,-15.053534384840253,-4.943640323948969,-1.9952433434894465,-1.2474828611879416,-2.84737498127694,-2.3481890782948547,1.3444324764228526,2.013094966385076,-2.0574930738569033,-1.2769999526906144,-0.751015199410189,-0.4651163530029785,0.5582666990469951,-0.9040028095165198,-0.6671269930218702,0.24338000036982255,0.23289690957839904,2.9939801931706036,-150.80142954042108,95.68781111562978,50.33875249974007,25.644989827564235,3.3293118447715484,1.73391698743061,7.39010519752909,13.610817755778434,-6.11172227910124,-12.241829663643895,-5.6498471163478605,0.11431006956612455,-1.0678380904120277,1.886190108115347,1.3817622654410087,-2.7447505997058537,-0.5088669295428876,-0.5698683516900467,-0.21182105556003483,-17.039288566662588
57.19148554517402,-13.572782418085032,0.7642578085240999,1.7492592105134204,-0.8034615995347414,-0.0797593455557819,-0.16805994543728442,0.030913760032529325,0.09703883551429326,-0.02512671171877301,-0.3813183275494514,0.5928767225122882,-0.35278732055564177,0.18187246529610146,-0.23614218205525406,-0.15220123035224242,0.3307821450214137,-0.06190288959359891,-0.2127937118577985,22.835336143087886,-4.355013611108866,-11.111699138887555,-3.3024784903342193,-2.201701718939489,-0.7583887374917468,1.9953426205543225,1.1016949577725192,4.509884686320856,2.236839913828734,2.729942112425402,3.3337464897153626,3.3738193182213476,1.655755727870591,1.331152398279726,0.407711868221055,-1.4279283900051927,-0.17510621750094657,-1.0656236408846411,0.1333513180921868,0.8285385979882065,-54.84724389684283,146.7216742186327,-27.743241239923577,-57.53749977301383,-19.145421845085018,-28.278556030090073,-14.885421966827609,-18.8704138061633,-23.134864605925095,-4.822604418101355,3.8346232024843188,-14.040453314845275,2.583518823520038,9.575538488591672,7.637049388965761,18.68052665038463,10.101185702796785,10.833567159098791,1.1424774541195166,-18.813070630319526,64.8815023609028,-6.475560564313966,-5.59344787706309,-0.8737488754707781,-0.87710669938618,1.0675646612538148,-0.5159820262010739,0.10223237147996045,0.3968414966820317,0.5952289131463946,-0.3102980386580012,-0.2544051812267356,0.006070686402590564,0.32684898989445665,-0.34569618295442384,-0.12210649836868526,-0.054044719829905885,0.11828586311987377,0.24671747513916054,22.835336143087886,2.243007702313257,-5.601810130220652,-5.113279893886994,0.47890345398742706,-3.1312052758807067,-2.451308741417612,-0.8118612364119984,-1.4202868434896265,-0.4431601131108258,-0.4909558685868278,-2.9163496071197,-0.9295242929772103,-1.0515642759705979,-0.2703682849568856,0.07067550063220951,-1.4774985006946655,-0.05933611706741626,-0.022049101839051177,0.10902435028490509,0.8285385979882065,-148.59675558066064,116.28535791886975,87.27515610599995,29.48932068861827,9.673537755277597,5.34074490470384,3.0602460504820566,13.235230960910808,-11.082516788981643,-15.997177895431546,4.098713605693782,5.330596579532058,3.83943812768033,5.2597514529666345,-0.7953723446674119,-0.5758635642508683,-0.2061172045247135,-1.3215228336397051,-2.0386121007774696,-18.813070630319526
56.208253393422474,-15.3181959647709,-0.7933382134530014,0.943146209722344,-1.1547441544969885,-0.37532946752662344,-0.1774675336290059,0.11795110441661016,-0.11143362273142365,-0.08319924864158512,-0.4238136843307734,0.4358177262849816,0.07694832093688087,0.04977199427938128,-0.40234868283425085,-0.04304525368309564,0.4785658767166656,0.145961680642978,-0.15414818182648182,22.883168806696663,-12.553464013218075,12.164579528169865,0.2850636041347392,-5.440310137448154,-1.5881334585948532,-2.5970011986136634,-2.4195642583380748,-2.095555799635594,-0.5671074714442921,0.9400935188532134,0.7518975468622786,0.31320253283172184,0.6889601468533719,0.8742848612655636,1.071645881457004,0.7969017715294617,0.9465376264817627,0.6237139118412458,-0.42059638346002615,-5.588626085358136,8.817675283060566,140.2315400180152,-21.500724253210734,-50.78440482206041,-19.591662007099767,-17.4337865009582,-11.853587197825894,-27.41594364770032,-18.302498401398484,-6.2631138690931305,-1.7193254885921467,-25.518819093709656,-10.10622632208656,1.5790189398961427,6.944756182638516,21.216141440571633,13.134691018911443,13.419287297404274,2.7531060215998346,-0.17330906966978077,64.91253188002477,-6.692618934709818,-5.959632415740619,-1.351712598973669,-1.3297278766129859,0.5621167631124018,-0.5730635069996048,0.0585240105625342,-0.19402899612399116,0.2913333642852325,-0.29370697029715975,-0.1850727104153833,-0.27509704508488086,0.19700682540375158,-0.513831753197461,-0.2728223562401748,-0.07698106687807105,0.059191824531760195,0.12369003189073369,22.883168806696663,-20.05705439429277,7.206101410017796,7.757485941304051,3.8888523893407885,0.939226853553683,0.9445611104870713,-0.1452180664972249,0.4445094719927001,-0.570370692947459,0.5454595157270554,0.31728196379534346,0.6966297024736692,-0.3182620931808726,1.0539322580436958,-0.014840822236834583,-0.6735563774598958,-0.6715731376706624,-0.4388375131655562,-0.10383522436756532,-5.588626085358136,-78.78520651035655,107.13106793346194,82.27447146251349,24.57425517460295,22.62007475655026,4.005660412290808,-1.334898225931544,7.87569213804825,-10.980160305574,-14.962555056436779,7.349087159284188,4.302678439543724,8.69530980894526,4.549693697804911,-1.7510273242793453,-0.25554669460587975,-0.33385136026548623,-1.909987798804236,-5.4951475461914745,-0.17330906966978077
52.64449271744154,-13.597172426561908,0.19960682222312132,-0.8650884559023759,-1.4994214846635878,-0.19596887398545526,-0.3255080443762166,-0.13497787962605434,0.08801571222049454,0.4598883511897873,0.25653631042861536,0.8499774309332322,-0.18171881853223848,-0.14569622698812035,-0.501178495352602,-0.16244780042442697,0.1520820390592985,-0.17089124145876333,-0.021338676868664308,21.47863182800019,-5.229216385297228,21.408250712476843,-4.934933211406145,-12.193610723009359,-3.320471599572376,-2.6461123558202457,-2.165044582410468,-5.285294064851366,-3.026673806517314,-0.06191633087186732,2.218681902131221,-3.100121445333072,-1.0579966851500417,1.4370732972083347,1.191598824316483,2.7876433344752685,1.6738810623127567,1.4696680169270742,-0.060034574452193734,-2.4984645357561526,75.70873249901693,80.58274581741318,-16.046601481390002,-19.923641036085073,-10.238055008149317,-3.9249979558667043,0.22265138530166473,-19.88920866170239,-6.172823903882536,-10.320622407225912,-5.264575541343174,-26.375321287465432,-14.507330290943479,-0.04648927484907173,2.7476430882352267,16.023265922154604,8.70811248638344,11.827180158423651,4.587645912913419,26.237568021254944,60.65036225582622,-6.828950569003311,-4.140159744925418,0.07430721244487248,-0.8320193009517416,0.7209282344703172,-0.9069435525905671,-0.1631067188204094,-0.267297670203555,0.24926244561962063,-0.6246078494598373,-0.12808592164372845,-0.07555531082263789,-0.036992974710138515,-0.31180620017779903,-0.21495147768018863,0.12575074176750456,0.21773386322133637,-0.04129583913443291,21.47863182800019,-18.13994692174643,15.932326854008593,15.412075870322017,4.2198551803526305,3.378569470879174,-0.5696057500110139,-1.9035766703238073,0.8240850037459655,-2.553939278950449,-3.403913472857989,0.530712142049794,0.8025977598582497,1.5132672713697715,1.8672459911846333,0.3803734341617022,-0.924863410021155,-0.6790667731091118,-0.2122469596125085,-0.8664174290143554,-2.4984645357561526,23.366064615301298,66.59040866122302,42.66521119300876,2.127156600674788,21.938385192617247,1.6449977939020095,-8.326824881944646,7.238598964779934,-6.508865464148892,-12.278905722681914,5.27257509875948,2.2205509486708084,9.128011707594933,0.42241105439965354,-2.3161181468031544,0.7836516883890798,-0.30316419113792215,-2.9641457225735506,-5.90589122228877,26.237568021254944
48.36112987369923,-8.923845099834276,0.8366123710930133,-0.5865835567939048,-0.24187264671450492,-1.013549389003492,-1.2200765479552023,-1.567180007448922,-0.26214932790758105,-0.21441229041316,-0.41287711145874306,0.3543543605026316,-0.23677665946968718,0.4157566233300396,-0.08457774318222988,0.2308417602597279,0.4967188340901123,0.4541194284791583,-0.3774673027909816,19.64810848526411,11.313372098307028,26.36148842378894,-6.622577936938065,-13.219795051145875,-6.1962334642121135,-1.1953465711803353,-1.1861206550806842,-5.4212039306666036,-1.7235249096510823,-0.5138702911336255,0.9265174986045515,-5.816998783289858,-3.639233167596209,0.7799431103544188,1.7868034484775341,4.587300911847365,3.3822191127149255,2.9859603311153964,0.781694603099693,4.570827225207893,62.32056841437712,6.014895816061326,-3.6658351349787193,16.03718036107397,2.5605158532464745,5.717076326874389,8.414424887176915,7.768596018101679,-1.305360528476477,-6.883216388555694,-3.939985677657086,-13.765236643088196,-6.595264664027454,-1.0910273790988647,-2.689546581176298,1.2407550917112782,-2.1509740062419827,3.614903842748093,8.50002360579946,32.445835597996364,53.34842623307159,-4.219434355668328,-1.5184179984757593,-0.02571209866286317,-0.634972276628647,1.1843902048710415,-1.2536894615257999,0.5418044121923025,0.14905087984182908,0.7490764501640719,0.345212618935097,0.11884920470420024,0.08098092785121036,0.8558848346725012,-0.31509430020427676,-0.16268887209128913,-0.29118780465057115,-0.030001438742082387,0.07316785768760181,19.64810848526411,-5.318697712091286,21.669632741117013,15.821023464311985,5.473011400169904,6.059906661405742,-0.1855041507458366,-2.9689663772868076,0.46747106711147435,-3.0902580934443358,-4.011703759697733,-0.10648036879955614,0.008278240663517789,2.314223931392256,0.7409233578287178,-0.4720959298574239,-1.308093702156215,-0.5241873451337655,-0.6165149701455668,-2.026955973867708,4.570827225207893,54.59266527415447,13.703029556143996,-9.990825961297581,-6.475140182235874,1.9598128656126081,-1.96647845559814,2.846306511321105,7.623765715240561,-0.6072072633179584,-6.378781126026238,-2.425933389207441,1.2514504130035244,3.542467438627309,-5.239735238750013,-1.569267525411631,3.611482364182538,2.8520920982649045,-1.63172130196823,-2.1324050034850925,32.445835597996364
58.50043911238703,-6.0658324943149236,-2.51818408945198,-3.5826812677331348,-2.9201331532121713,-1.0837055627274705,-0.7292777294794202,-1.7691677164603878,-1.340940215156285,0.009521643731080776,0.7225543370801439,-0.9164523172630727,-0.7249231729273786,0.7174167993749396,0.20077176027697696,1.10467692991398,1.1586461974910687,0.518852244951848,-0.13115143860164546,23.203634035926086,21.56593458263705,22.0812193220095,-7.871958460492818,-8.273779780133166,-3.573366238757776,-0.6679836710956937,0.5962988487946563,-3.771895579014834,-0.2713633190091391,-1.7033871861941345,0.6141487431726396,-6.74874066745058,-3.4338127603763584,1.3550786363107625,1.4239546288284033,4.688505000913158,2.961109282574192,3.666843228690109,1.8260287812690366,8.867595953332664,-58.83165473332576,-37.5485075579006,30.55673212263296,56.44176142413319,27.461556933399464,5.850929935006372,3.458853793092838,25.193726107360032,1.6019093653298992,-3.744401429517317,-9.472814531728721,6.586184749106772,5.816723206370721,-4.228257089587013,-8.338841992635993,-15.858305348235518,-16.907953822943483,-9.273102710173962,1.4455838391189055,-16.517594580449217,61.593581723506176,0.2540105731695852,-0.10801715053451177,0.5731784645501343,0.46480023606123755,0.47162506536898796,-1.12745738409988,0.27263467253805906,-1.051668080776103,-1.3355993662220196,-0.3644017622492326,-0.005067258857402557,0.5846653356194307,0.9310329808523985,-0.25487819237016485,-0.6396049454537056,-0.28647473749821173,0.05675901495054081,-0.1612301522664512,23.203634035926086,6.556861668863164,20.461628534841253,12.18755694111342,0.7504022489102633,5.277647416501887,-1.0637772138501531,-3.5633995219895294,2.1875318413409532,-2.4376491449368336,-4.351827092215391,-0.06818089144251038,0.5249269122632696,2.196198565540304,0.09734169235043022,-0.858756018959073,-0.768403994151966,-0.28461110890482577,-1.4152832346358213,-1.8823608861094088,8.867595953332664,-40.276193483917,-37.10406344976583,-44.272292526004826,-8.11865293260468,-21.056086344906678,2.3304881969957316,15.745328689537889,9.754341943175127,11.307840807501632,11.401001562413382,1.4795460498225745,1.7664071329940803,-5.13713435025865,-4.380846466719079,-0.8310475917486211,9.070725621458871,4.238677799320974,0.1455380221727507,3.698016240797636,-16.517594580449217
58.93696624510324,-5.903121718999922,-2.7457317260844833,-4.307954909935214,-3.5425050523287536,-0.5291344087457834,-0.5686430186177462,-1.7755559424995249,-0.258718113868575,-0.11495104047904459,-0.19356394835426194,-1.589466791261795,-1.4710660856636535,0.008187036275060677,0.14007791358972677,1.6170428370713834,1.6663933538582432,1.2940701029953705,0.29160550058985524,24.30608131533766,5.209244710003347,14.8355431314342,-0.0793413388112838,0.6183645716507331,-0.18142821237891615,-0.7275273775387445,0.40697646964782086,1.0320429664969797,-2.597442979436618,-1.6807792477635002,-0.41582871248697373,-4.745106177653621,-1.4207641475471964,0.3697685021649173,-0.3893053113871052,0.4668484841661562,-0.7725634867699465,1.3325782273337747,2.8863837415790883,4.951261469095638,-155.65785655899901,-56.12244807000073,36.39580257454689,66.31673584619712,38.63866287814048,5.942880512463832,-4.965375158420295,28.59867700123486,-3.100280017840656,0.04610098786102057,-4.5990512061860525,23.39269376096202,17.506313824039033,-7.828869774538248,-9.083969954342724,-25.478583322149415,-25.106636755257163,-20.562672180616268,-9.259097093424565,-65.35472375991604,61.78157329013915,0.6007168647622412,-0.06519198078007982,1.135357475058652,1.0518156855833958,0.5940162722901481,-1.9472897798883522,0.07438884843903715,-1.346972837559885,-0.9220876096428139,-0.47705019830224016,-0.24244292147678737,0.5519045973902128,0.08345552653684196,-0.77834372202999,-0.7145424734315238,-0.13296199981209567,-0.16857823640562541,-0.8298207984771111,24.30608131533766,-5.109126052520331,11.792965347673464,4.374332425259558,2.386008763944035,0.9695943135486305,0.20840761460757085,2.1078466149961885,3.5746689108154865,-0.932119391613246,-2.169974237607363,-0.5962382140622249,1.4611903327729214,1.1115059790475157,-0.6809832119142092,-0.17990985838226248,1.0539550966967788,0.5572450793596468,-0.6531800266380148,-0.6620659975625849,4.951261469095638,-124.52406379716689,-55.632007986631116,-55.238438736128124,-8.823152022881096,-32.85142094997656,-3.924817136718736,23.656835188945223,5.254910478697838,14.668620123816504,18.778500815815722,6.831165318530158,0.45291375754844987,-12.059536859977058,2.071621048735282,4.2450396082497175,9.92957420610242,4.38139022774887,4.243778311174269,9.32136794818447,-65.35472375991604
58.13954182305805,-4.066924455974336,-1.9452003594345393,-3.1412926693983048,-1.6357884012353514,-0.7721681996621563,-0.35307538464761645,-1.91673770160817,-0.049381554303578046,-0.44153586687433766,0.4539541004626946,-1.5524823269098444,-1.2814804856234345,0.7356278846947504,0.09847099067562137,1.4887041616263241,1.047799420462329,1.2425550356281851,0.5571393120754355,23.583443389629746,-31.59298005780827,8.396969579703914,7.071814550846945,9.108190177658932,7.402904241210759,0.04544301486214497,-1.2321662482283013,4.084945540246858,-1.7887600889595965,-1.3506625673155885,-1.8465522581873763,-0.34297537359780383,0.7411304080108123,-0.47196794349042115,-1.889767792069194,-3.081283125801887,-4.70270454941655,-2.3401922862690956,-0.38958722413243874,-10.947478947924633,-140.6898593642333,-45.74322111501484,26.8312634032593,41.52157891818551,19.454093894653525,3.1983114846637526,-10.466648372645578,14.95668119390724,-2.1047958757186356,4.692125421818272,-1.8775357393370022,21.959115179226693,11.946542978955613,-8.389722969609844,-8.50186719878752,-21.730950808906215,-15.105850295802188,-21.087688442669528,-14.089135857496082,-57.71889277065034,59.71221956172402,0.9917880882020302,1.2270057167834523,-0.1310264499607534,0.9634104261931808,0.48422659383568734,-2.3418431544040557,1.1643669837267,-0.7381103839711147,-1.0910690705846322,-0.24756688656242387,0.31502359757840015,0.7870821371780128,0.3978925255329062,-0.5095594987444789,-0.3232266740860543,-0.09566771510414607,-0.42061935526480276,-0.5309819541067808,23.583443389629746,-38.382829493490405,2.3186288258474534,-1.0007248731541831,1.7040300321632245,-4.60431752764561,0.3986824658101482,3.4306811783036393,4.147657053481523,2.020911773884822,1.3757225473035175,1.5153640895924156,0.959345280300588,-0.45394092758718374,0.3877760426965571,-0.18124339745018903,2.4294750012817836,0.899555914304669,-0.12114542027990916,0.3001457032319014,-10.947478947924633,-112.27136574427551,-44.956505159794155,-41.25381375661092,-0.3596660237452034,-20.21601484728731,-2.351536273541268,18.36068073309825,-5.1907397050774176,13.366284487959717,16.213238568181126,4.14326222314811,-0.5556392223151536,-8.894886595608737,5.02714323440719,2.9949373048013532,2.620532334095386,1.093139141591108,5.638122229735506,7.301094112986911,-57.71889277065034
51.14620087336539,-2.50552755328747,0.5104498366786512,-0.4980955701359533,-0.9747591288923729,-1.5330817593055213,-1.2046894855471937,-0.9773735316265411,-2.2066501480522436,-0.8292731589922009,-0.48649134939350525,-1.7001837235007935,-0.6688800768952574,0.5915353317525929,-0.2280800140751047,0.27225238648663397,0.16586047921950886,0.7585571468078771,0.7215791926600219,21.9338345429601,-39.93609886096982,5.1423892599413685,4.103436844665498,11.24758789305664,7.634962734873858,1.4193803420726616,-2.7545756857793533,4.9497140103199815,-2.5149665335961817,-0.6671821066423882,-0.14265760380846704,2.6764654502647627,3.026452160229722,-2.220968487014113,-1.0983203182450285,-4.267096685869819,-5.339192348918284,-4.291858001713136,-2.740045940911852,-18.19899720412148,-8.753766359639641,-31.529194114649865,-3.342059638031614,4.524144438861237,-4.721553450314032,-4.472045538016205,-5.847396195618342,-10.10894372597851,6.851892214619204,4.966570686036267,3.658832939737966,10.712423980791801,-1.4701708707933527,0.521123226211798,-3.664570792741798,-4.725099287097574,7.40190530078581,-5.592511718397693,-5.0866168765449435,-0.7057876220161496,51.734544287702505,1.3081595606521814,0.0012367804950375039,1.5193947405645982,-0.3994802149203034,1.2822932479414773,0.4074267311243822,1.8832727120057253,-0.47378766436728803,-0.4581758164583034,-0.011323925939419777,0.6893989428727596,0.5355255165956772,0.7819634563751428,-0.27770857620825096,0.20609954057327462,-0.10796877616778056,-0.11790226695341799,-0.07298924017352582,21.9338345429601,-45.110884029497946,2.9251286022983547,-5.204054996618273,0.5846214971028747,-5.424821341508785,-2.879142558935355,5.36241086703922,2.1148637003901083,2.014771509053089,2.513771828450674,2.51732979994806,0.017525935419083538,-2.39047475203253,1.6315167070232954,1.3116675635129926,2.0577539031781193,1.074424257135922,0.8583052782636119,1.542474705553872,-18.19899720412148,13.600255427897146,-19.661806445843627,-11.82689908828423,-11.151619240174647,3.6286988556826474,2.4919000819308432,-3.072654986110625,-11.675875143377908,11.492625915887317,5.964771881700523,-3.844128551302601,1.6227103644455172,1.8907322087138025,4.652175448516717,-1.0090154991016815,-6.089103238414477,-3.500093719509831,1.753885617576238,1.557667443545654,-0.7057876220161496
46.59933176935182,-3.5661447873191925,-0.6103675954100747,-0.9335158488032995,-0.5025539943249822,-0.5590103800165291,-1.027337620128847,-0.12578615177345043,-1.261354242544249,-0.30864858067013534,-0.05425809149392258,-1.0325815379424754,-0.7554509733061705,0.18975867989096296,-0.5600331719252043,0.23643059230541108,-0.4424396398978394,-0.3834874200889531,-0.5409318967029482,18.91601794815255,-26.206323313993018,4.056185700248495,3.452284149398441,7.1723980182566365,2.245485234942599,-0.14228178856952045,-3.056249259814545,1.7476094960272848,-1.364999479788675,0.13587695415444534,-0.4612046808351149,0.5200311082035733,0.31585057521298876,-1.5444143539046444,-2.472471467136395,-3.809997818521964,-2.3085014342527326,-4.0647828781212,-2.4053243062335343,-8.416721095383949,120.96373915531362,-11.858451409014105,-12.031282509320611,-19.625051246482816,-23.124754403906543,-10.881814504258694,3.7434783381062435,-23.090906668395043,5.3316589814064,-0.5084984594558006,1.6493848630690229,-5.013054194382056,-9.600413362378406,4.934640198496539,0.8658849077355009,5.162084721805334,19.39157403633473,11.00189854118367,9.227001151964458,63.22660337924386,47.425681477979296,1.0596036381483418,-0.641593967749162,1.2331748478787734,-1.1117105775097178,0.3268278104483975,-0.5894750504544275,1.4420212674954764,-0.4778047804299905,-0.8796939891625161,0.16041714636556503,0.008684449118117943,0.36588441222310664,0.7756670372815266,-0.5958174640061289,0.11481154818478712,0.1508066078319652,-0.02915167991551748,-0.38957307980229317,18.91601794815255,-29.577942214785786,2.4172943276317307,-3.650156226253122,1.4712628704582418,-1.6331521796130595,-0.6957702638493242,3.989658718538079,0.3220645940149338,2.772047648709857,1.4129191588461545,0.44666621312640187,0.9689394997826117,-0.5002543667240418,1.454663350085273,-0.10707607750602399,0.03996276965505663,0.0033688730025907,0.6480352277811187,0.6659158188258181,-8.416721095383949,135.7000537390856,-3.413079727610711,12.780258419244234,-11.790886245363295,22.95490360849886,10.207042340493796,-8.052331383401745,-10.31262297983919,3.3278602702343862,-0.4219456380979194,-10.076509792385156,3.8749389829526906,9.00465737757121,-0.8047894355736684,-0.08972407425972628,-9.04573942510154,-4.667958147019284,-1.087135478764935,-0.6857965401167752,63.22660337924386
44.73902184147145,-3.5823169233568097,-1.3614296857639667,0.21195062629560324,-0.2916408883470094,0.07397685246773378,-1.6087997437668076,-0.19617471225689398,-0.9102150365463304,-0.5149857369023398,-0.01078665428018688,-0.5111844606130982,-0.22085476170742457,-0.8293626048301022,-0.07983016423237466,0.10963127879693024,-0.25808329042081457,-0.03883767000262828,-0.5293818654768789,17.54029543401552,-1.8609668417240997,1.2413380138369772,0.0593940428971611,3.848332870782499,0.03650456559814774,-2.8696877448310145,-1.604680122368228,-2.853760874382489,0.616622823287523,0.05923633451961652,0.7209139687058785,0.17960257184159056,-1.943209666544961,1.166553320477928,-1.9302388702244035,-1.5313438130225927,1.7312876060410498,-0.60138233593902,1.3509438443571642,3.3329887318172204,168.13962990883354,-14.527048417386204,-11.73574899366442,-29.585733673801773,-17.705979591959558,-9.53444368768208,11.837471787907234,-24.564750380357438,11.221691287943253,1.29609255948231,3.1232179002503577,-7.326313508380665,-10.970450834812034,8.15499371823022,-1.2622915478888417,6.219550635216524,13.472599309255727,17.26493985867343,12.425941465827458,75.52601077230862,45.36940031726254,2.0293733909382627,-1.7329196368229094,0.7455675746903259,-0.6230344833195476,-0.7668556154838846,-0.14226839834355642,0.992993556749703,-0.4697398848039027,0.22911076387146512,0.5776226852077953,-0.08051037953710449,-0.432733916148599,0.7103266241741795,-0.07938095764266873,0.09531536702211518,0.28101296728780967,0.0648405650515379,-0.129287882852419,17.54029543401552,-2.7114419779240677,1.9127293738595115,-0.21440144233308844,-3.073417275290797,1.298361067373679,2.0015840204027286,0.292030351823656,-0.3504724311401728,4.438625628917895,0.7938133974715801,-1.9839535514805184,2.267748405254668,2.080028802972846,1.1116608586497911,-0.7215012679051858,-0.7958404066970961,-0.7447082597442294,-0.1608275418804096,-0.06611733358671634,3.3329887318172204,183.83354316975155,-9.012873451304145,23.641275831982504,-15.014495867079594,21.541872831999704,15.48348686057598,-22.08197262480748,-2.7582313478990597,-4.529136087645354,-4.970725734985912,-6.771412582321694,1.7420818396561635,10.280599473930984,-3.0612049247031234,-0.5166545294051812,-8.790748377348688,-4.910207641366935,-3.923711099516936,-3.4714081121207285,75.52601077230862
48.239969682008514,-1.5004369208154187,0.7168814764859901,0.08988324151423521,-0.8546049040367336,-1.646838399833544,-1.6791448854450821,-1.433532363279351,-1.3800988499508722,-0.5307411008420455,-0.014500587511522056,-1.8869664042519054,-1.3475678556108566,0.6738696760337757,-1.2118896678139413,-0.33498419378980593,0.10552058815612453,-0.391138995027162,-0.0200423119728812,21.571852396410062,9.851323510225676,4.418269498249057,3.078194697070807,2.9952920655545934,-0.36024387610465736,-3.250930193815364,0.06462513911925782,-3.5587703515994287,-0.688725276698249,-1.9681210176244912,-1.4536456129100377,-1.6010710315772458,-1.5742453597910495,0.301591252011828,-1.040866062211756,-1.868117201322833,1.4578424912711492,1.315519151435681,2.178418459215282,9.899829773727948,137.69576123407458,-32.067794512510474,-31.029810084612876,-29.93883192041482,-9.71926431600026,2.176690486681917,10.372470332908648,-12.175125377590259,15.820240085322279,4.446531935286819,10.053583279963991,3.065646859351081,5.701547845561684,-2.260574759282563,2.653755978821997,3.5563893257283796,1.7077221544680312,17.153943971452414,4.724528218214623,32.94128665871742,48.10582043955111,1.839828336874855,0.26900581231586473,0.9915185682055037,0.2586114705862732,1.1609158936237063,-0.07216623040104686,1.770538858362178,0.6458895506021212,-0.7282527813264392,-0.31870708557283045,1.184448008674638,1.02108467018813,1.1610426166760244,-0.662261346780282,-0.2478532024829463,-0.28847415033064583,-0.18797315737672138,-0.16987472335442522,21.571852396410062,8.267476350265454,1.1182885762615196,2.8945775593253416,-2.362393704321587,3.511543072162587,3.0618403463880037,1.9397057442105485,0.22401362932706803,2.4729148490696122,2.0247289437441047,-1.2722491308858739,1.771703536859141,1.8131359836957328,0.245309249096475,0.7904789811290371,-0.6665975563313795,-0.5248569007648973,-0.1551467495903659,0.761543452743808,9.899829773727948,157.50907427973647,-4.944490835815882,8.175586090327196,-18.407236983308238,11.483975784962404,-3.8916537115313115,-24.828095385706195,0.9504336757969627,-21.41889313179339,0.6829267825275056,4.348978711939052,-8.10916979493842,-2.213139074380695,-3.773351013519712,1.6403258817425979,-5.78323677362626,-1.8150318361600224,-2.98890760702852,-2.6071893257074077,32.94128665871742
49.39539849617499,-2.917712479620868,-0.12347767782080066,0.9143713200965289,-0.7804813912374233,-2.424011621812521,-1.6811259140731902,-1.7503808630648352,-1.8389664327051705,-0.6886087316464375,-0.14591311703176624,-1.1831900044252832,-1.3444264690153949,0.9327564939201505,-0.867271201242938,-0.20771212697705388,0.7575241682130518,0.46169176630747155,1.1366063224735705,22.272411684739954,26.104892681337603,-2.3021768477520146,-1.5773929260028945,-1.456725967493226,0.08483749441770749,-1.7935172991454564,1.603723008707362,-4.679471256045382,2.757742008830232,1.032863158988235,1.9151718123541732,0.07385976596483967,-1.513725289674277,0.9335255691427609,-2.445268794651769,-2.128261676861123,-0.486064657052361,1.6504609128451389,1.181053409277469,10.405732747476886,50.105833182367306,-22.262552313354664,-27.186449489326115,-23.190871954458544,-6.619003510992686,10.52327938817545,6.636356797974365,3.2541190058576834,16.443505569064286,9.82211231263085,10.091877649113773,6.171786479741872,14.950291896455521,-9.506016662448072,0.709014735578485,0.1055768537774191,-6.097250597854425,4.6742562026854255,-8.083663881205783,-9.212697220670744,50.038753817954564,1.8744118982186806,-0.5612638307040201,0.10351424275583465,-0.4354607052814594,1.8660412165551872,0.2947874970095199,1.5437777010022882,1.1836779845756034,-0.1369897216405518,-0.7637385857104813,1.2353913657218336,1.2479397890995885,1.1451060960027895,-0.6052372687737673,-0.01048828744140673,-0.26068252695858973,-0.11890529916302084,-0.21589708519081796,22.272411684739954,27.883178272852206,-0.9318052476686125,3.3442160265837453,-5.005798149047008,2.7737674486032438,2.983795566233971,-4.653598958200755,0.7847735087845114,-0.10023013494946564,-0.2774959314912573,-0.008918819206649164,0.48718483670890067,1.593129809723075,0.7055912951661327,0.6045627694928715,-1.984340122503007,-1.1165666766638016,-0.7019592828091137,-0.24104316746548748,10.405732747476886,60.83414199404218,0.613641945884885,-2.26820398808177,-7.32168477130685,4.21308294890248,-15.300092340821912,-15.095821510370955,-0.7057957162746642,-26.7181901126268,1.4452379255778098,9.723552528146879,-12.53313653238885,-8.473062995899287,-5.871470893492426,-1.8982127528556427,-4.021193213923672,-0.5023878170553033,-1.3209608149059653,-0.9887108144983678,-9.212697220670744
49.19680519711289,-1.6893122600626351,0.30975374915374587,0.21291983707353435,-0.4382556809321039,-0.9354812397840837,-0.9588619654160269,-1.1280682521691943,-1.1413411828139535,-1.205897592110332,-0.7135176665731517,-1.4971142818250058,-0.9807877995477101,-0.5405052434782494,-0.6867456845258006,-0.5389563054690134,-0.221322123579198,0.02400743747383749,-0.2847167610705319,21.499874709654307,28.658627541513418,-10.205954125212248,-11.24422740845797,-5.144488522812909,-2.638313387467311,0.4079782319286589,0.5257843411019842,-3.4270980019363986,5.474560970101109,1.8723295095635457,3.968458037322733,2.1057259408174893,2.9518823095584885,-2.5581878578783424,-0.8880785155117139,-1.7333442237385095,-0.34596422547201144,3.3862674832129276,0.04188502041362496,4.517550226144927,-24.876694204668368,-29.104555711023984,-11.680807101973606,-8.223116488072437,-2.8600174496624398,6.002925550429689,1.6358552948314777,13.191751878569189,5.344957085680345,8.436978747504801,1.945296918559987,9.067676851935605,12.681175657618022,-5.5767025149131975,3.8713665821222665,8.304655605659123,-0.5937854446168058,-3.707576867737185,-5.183575000499708,-35.23537674487461,49.22474290276601,1.6962286726388927,0.21986690885406412,0.3730046616852256,0.5502740695525317,0.5412995676228634,0.1618498739743086,1.2786360100327179,-0.06805629058493734,0.31572072546554475,0.19497321638176635,0.23658534491821936,0.4321155514468793,0.6809319259154591,0.062350182123938946,-0.16558540274914169,0.15922590457271624,-0.014852122603421058,0.034503247738810305,21.499874709654307,33.87928479969431,1.3673162204878517,-1.3416719155479409,-6.766165184317771,3.37113252225336,-3.132702892530601,-5.951574319302813,0.2296584619510731,-5.667971035253157,2.290037214591326,1.6336382029589933,-2.195363613413715,-1.3633744072895038,-0.22897737493275372,0.05005484466624632,-2.257405759255118,-0.7182178366176344,-0.5758527052687892,-0.5502159270885001,4.517550226144927,-8.171572350175637,-14.70796258885435,-15.081102938755333,1.3945920663195226,-10.77854912262166,-11.194443948697533,1.2342427749664417,-6.056174920452021,-11.397506977667096,-0.6566302652378713,4.427488469981872,-7.562409240890673,-6.808985976184163,-9.158776115188303,-4.800741307206906,1.9485302683202688,2.799682851826,1.19534079925393,-0.19234730543681666,-35.23537674487461
57.31305042458806,-4.638967677609209,-1.9465622850992919,-0.5779306552306593,-0.45739675269047053,-1.1784603771297246,-1.1670796994276542,-2.6886423958346635,0.34927713430032625,0.339024088225921,1.2963077914277146,-0.6691806388441282,-1.1611074345761363,0.2445876394972908,-1.5650365532023294,-0.8525135037940275,-0.3376942630793338,0.5788195701694414,0.19348206371068088,22.77915065113184,13.788297733815682,-2.5778263311097023,-6.372619649001508,-3.6772128122630225,-2.1339624342168686,0.5624977363846988,1.4829186756275914,-1.2925375462851623,5.756732484419987,3.0500672272410236,3.0558009681463796,1.412097325515159,3.26887244700803,-2.1565654558010223,-1.652125275785182,-1.545941874926045,-0.41543433451458256,0.7003715995150692,-1.6226213768448983,1.417779895273359,-95.40646792349625,-1.7955393109952098,22.656051174719586,4.7966927274076046,1.8537076689767162,-0.3206002560598007,-5.260575904831179,17.528012786661233,-16.035861897501356,-7.435991519228901,-19.779313582738926,-0.3950818802731604,4.805855358669659,-1.2591823951279435,11.039155083510275,17.436365616151882,7.76707701344044,-7.43239746723723,1.9645277600734405,-39.25438603077748,58.75152822208119,1.6352705992219376,-0.03624217180013645,-1.448074546573039,0.6180179414989451,1.0348503306335224,-2.586075929631612,1.6313317353066887,-0.1628820316851063,-0.4316239552701555,0.31632312462717227,0.6370133706955552,0.6583155480835639,1.3031776171375284,-0.13940533734834348,-0.9379885940962907,-0.5011203984957722,-0.3726995937396691,-0.3519984521317805,22.77915065113184,14.899724794382593,2.095036524688788,0.769621301062668,-4.53237392094613,3.475107816779533,-2.551190530548925,-3.3102403716051407,-0.7061927055895074,-4.850026485234121,1.3837782248368744,1.4248790456704872,-2.015286285803329,-0.5682474994841797,-1.5869312760818075,-1.3003955761016117,-2.011032912197063,-0.8992217003455125,-0.6109549714941807,0.09540694908025382,1.417779895273359,-89.10802710553105,-22.686968642803247,-8.529482431662803,22.422234919503026,-16.955257166999495,-2.7354875793066205,25.323846704892883,-8.57523830705074,7.289443040992953,2.644315191875634,-2.3045411483869236,1.0247495306965289,-0.956567398599939,-14.279757098514686,-2.3522665122762447,10.497389082632068,7.78723979139485,3.605123066058364,3.895110251472442,-39.25438603077748
58.61045748855869,-5.742786384427372,-3.99368992410375,-1.7362100322286254,-2.3353039170438654,-2.065624906210613,-1.673275822216858,-2.6779505978626363,0.263059851596934,-0.10839275599645193,1.248617976920104,-1.0911081166337384,0.036713781948758406,-0.26113982569396565,-1.3070462495901025,-0.8792556172505739,0.4801476910663116,1.2434308446483169,0.4724623276153761,23.577258026286582,3.571273881652452,-9.996183615584092,-0.36459549241668876,-0.006022756096726756,-0.6808526366185892,-1.4274749363655972,0.942954953074882,1.3436387328050563,0.4842580283470461,1.241766322001515,-1.0513117315261473,2.2636486146153976,2.375043600676808,-0.9417144929728789,0.49824546941608383,1.993050700539189,1.125634607693857,-0.0632246257678768,0.9884683520266113,-3.223882172607592,-94.8271343195365,10.613675105040695,56.335483377296946,9.705530556051727,16.531233968782054,2.8015504250544154,-4.50191329747955,13.388220719809594,-26.66265914174954,-12.683229486788328,-25.300405295033816,-4.437283298301509,-9.469463597112734,5.419553297526253,8.11415708686371,13.160803242532896,3.3145266807306406,-10.306121424258931,4.3281658028820456,-28.038750932680408,60.68907563733495,2.6430570966171523,-0.6643409749100475,-1.6157696292889452,1.417438408322751,0.01015989031923814,-1.6075216767318876,1.8415910721855142,-1.5148159588941028,0.5640829427840255,-0.04191883926216056,0.38595519948091983,0.6342095870513904,0.967518168642278,-0.8701498901598708,-0.9128059287830634,-0.5273641328708718,-0.34900236272279184,-0.376932003428194,23.577258026286582,10.673416914412442,-7.749113604344355,-3.3586765472917857,-1.9018097852122646,-2.228401673236388,0.232111420430686,1.8851478383959623,-2.058590723711933,-0.8509404646216079,0.8657767329611032,0.22459617166649393,-0.7582655223300812,-0.5106683497927214,-3.187817522873707,-0.6574124996771742,0.3210139726757828,0.7663120369889582,0.3970214943791326,0.497144741752529,-3.223882172607592,-90.63826406478256,-43.52552742295037,6.491334235693117,33.93843288620682,-20.084762355523853,9.212016290537298,24.052137704713335,-7.517487553924596,21.718839772218594,-3.5427803816438592,-3.9442691731501296,5.570547771855621,5.521305484359512,-7.301192036660636,2.4665032289866704,13.963525076990942,7.389029800346012,4.406303881273061,4.683295746703957,-28.038750932680408
51.58272121735993,-2.179888582993351,-1.1580656656928068,0.05032984861609746,-0.8989384902899769,-1.5776909204069072,-0.582459647858979,-1.6217084633606953,0.3371992922993794,0.2876724639171342,0.40091954529479557,-0.6801444242633374,-0.21874103625961405,-0.2852089428725024,-1.383183556603378,-0.8105334085492961,0.1990720936330057,0.20216586247776647,-0.053293910291832614,21.942609974060495,-9.05466445048004,-3.3048317580636972,4.3108167033362585,-1.6276124871475148,0.0329609534817048,-1.0360908430282287,-1.2351502496946765,1.6991667699145068,-2.7650374690434143,-2.3698510068452006,-5.46460009459085,-0.20264251107069464,1.1776217441013923,-0.5043023108739426,2.3811467546394702,4.7267236690759695,2.661674433084925,-0.3409917662830739,1.690025623507696,-5.350744068535594,-44.71871346719455,-15.550079745923583,37.156844765911416,1.9195503505389215,14.400234858218724,9.920645590945963,-4.892667017822712,5.507621341504196,-18.340147394641505,-11.921180165974157,-12.788668870178117,-4.449937420831518,-10.430533916788193,3.762382132080002,6.985300224444821,2.8667412258973846,-2.6078527980293917,-2.198272817427292,3.4510631293514864,-15.345083459922744,51.75644984786139,2.4485159485739447,0.26565076170936974,-1.168285572230145,0.8685110337231974,0.8560157899325374,-0.47564691343995236,0.9092038171311363,-0.5179554238868747,0.43071828211864505,0.06714696494672578,0.1530632955388187,0.862769021555243,0.20834733659847626,-0.7891850206826683,-0.6423944805229773,-0.366998358409552,-0.2573076648504258,0.0375240149328111,21.942609974060495,-5.067901337272389,-7.717074656654133,0.0879771266242666,3.7731416111517513,-2.90409403715163,-0.06635537989998275,4.089963315396298,-2.3587210519093555,1.135976100231236,1.7567919052616712,-0.45666837775386115,0.28101055651534823,0.6884930816747143,-4.9548671801207345,-0.21783681447354075,1.9751445528475773,2.034788282230327,0.6141651503961074,1.182831623850219,-5.350744068535594,-27.180703305297733,-44.704486865703544,0.5703346975486836,22.51321226944375,-10.390186129321643,0.41294302197603416,7.155388106459229,-2.321684332795907,14.122410030916127,-4.192640908205597,-0.07494332787576763,2.7874820354806826,0.580026868032125,5.6759428018688425,5.181856305575554,10.272143036019228,3.4470197707679606,2.8882831484938003,0.7144176061077012,-15.345083459922744
53.84760674155318,-7.9169436151626105,-0.26679230675784105,-0.10422179289820743,-0.5579111304416453,-1.449603436328291,-0.7796945146629235,-0.9897158520036502,-0.893173247639957,-0.5593386189551812,-0.7914794092697659,-0.3598080818077025,-0.2644491983675672,-0.7464641987797922,-0.5285494481172344,0.43657899717821547,0.07311200191156075,0.18072197843573656,0.3329054019440305,20.306203961886183,-7.333458526106973,-4.535613859214903,11.58179610402162,-1.3165234073448002,4.54384190307443,2.6080477341623305,-0.3661378449766568,1.7711601998685633,-3.5958836240419596,-1.759326116787506,-4.421544078825561,0.6944542099596618,-0.7372241375445596,-0.6745427815787555,1.152364012707814,1.710724625526931,-0.22725526890644487,-1.2461115460174665,0.5496444216783503,-6.117563258290801,0.6315558572358029,15.025212059264527,1.5318806919111445,-4.494115201820357,1.9918699874494603,12.66925129890699,-1.0494628158099002,-6.556279164360992,-0.3220923005453713,1.1149072544629952,13.312537446484079,-3.8794727264505804,-10.05560195196269,4.029019315162824,-2.0854119283753776,-12.784089360772361,-7.9422203118582555,2.5320116818559057,-2.47307806750226,11.737932634063746,58.05899054708213,-2.5849508042092886,-1.6104178315465818,-0.7177947180923536,-0.6891733131777884,0.7467725481886989,0.04920928507646005,0.6104046072645275,-0.3159898267948571,0.3174379732516961,0.43185938205523655,0.09942762133154703,0.07455463981467902,-0.3655616952518683,0.058533773952514245,-0.15287547319790695,0.47532090302408525,0.12596266014152357,0.088314385082779,20.306203961886183,-1.456034166869479,-15.489391900315873,2.2448172895178184,6.050293492736698,-3.4816477285429857,0.23088767741357685,2.3743926895531344,-2.7028211418513006,2.1984475581234606,0.3321401835569979,0.6022773280961027,-0.5582381486452435,0.7689080443108054,-2.195605441243608,0.742027078345546,2.7312680467180326,1.5092920722674525,1.0147391744225975,1.2477196088784956,-6.117563258290801,-8.90612463658831,10.853008666119837,7.949031646398208,5.68920502727244,10.832640514881513,-5.518858199246892,-12.088346303862075,2.9612395211620903,1.7708565223733204,-8.957674666956793,1.7590604981207827,-1.0461337551740257,0.5751060277672946,18.878284689534386,2.4366695263699603,-0.5652655497710481,-7.424621747243368,-1.2250978599354994,-4.308592767044478,11.737932634063746
55.1671435728508,-5.204304941273438,-1.654602742104117,-2.2077310184696257,-1.3296126692507282,-2.004516533585,-2.2314454780519597,-2.683176383806903,-0.4551250506029354,-0.6204284837173146,-0.41594356277277544,-1.1361519117924934,-0.42171507236727734,0.23509867060323275,-0.7637115766190283,0.8529310235295626,1.196660798040504,0.9396781201341946,1.1082733383002017,21.739305649064242,-3.118692795901879,-13.083151082256087,6.232606935735046,-2.062187311369525,2.453807725045984,3.5050591965937166,-0.3088684342579948,1.2475123909351824,-1.3732703867062623,-1.4099766363515442,-1.6534172932929723,-0.028274182572732176,-0.3902606422753818,-0.40896024545808296,1.513465564791363,0.028591775528776342,-1.0429157952291275,0.19267865092621816,0.3223221530049756,-4.807921291846409,31.359581087724877,29.40374341239385,-26.478635585686973,2.5634280363323607,-9.29344603487155,7.12436042973833,7.0941622930119035,-6.668895203910178,5.79429853891658,9.49322322928403,26.63208071422119,3.3068305322850513,-9.200380245857842,0.5474322729081178,-6.949414083782954,-16.693355128073907,-9.591357685516698,3.1272209344587427,-4.749501771434061,25.97052248018949,57.53262009857141,0.3907372213080915,0.480784819830264,-0.010491196595459051,0.21927678367339976,0.6333663117488006,-1.3694597528376362,1.0675644418125043,-0.1943070476191111,0.5700944821268448,-0.14890017490845686,0.9207824380279157,1.2823895625392767,-0.5077160409757655,-0.7126655766413064,-0.33038154546508025,0.014931224671912657,-0.3030995299737731,0.006794165537842511,21.739305649064242,7.374098682374687,-16.387067760177224,-1.7469582685677922,2.7481805748012635,-1.09336222022799,-2.344107148052353,0.02283125604588765,-1.5449196629177773,0.6864845188514086,-0.4457239545638716,1.198566803517799,-0.7215589549054067,-0.9180222625198806,0.7549340840375642,0.590812787674805,1.9199115687914265,0.45279816739922074,0.524327762730987,0.0773283185711211,-4.807921291846409,5.282670706192604,50.366291666190875,0.002773023037608624,-10.618297650536263,14.727158452326544,-2.13107304081951,-13.86754325841145,2.5423941653909767,-2.7519832137917817,-14.622313443899275,0.3051699591704522,-3.353488711623342,-7.007927449710001,23.38361955962641,3.8807058913272323,-7.10586604667699,-11.246448829967047,-0.4399500567698005,-6.611579630988245,25.97052248018949
53.15151704775977,-6.4983851348947805,2.045476666112716,-1.2654413023581639,0.15195412397372543,-0.5481882325404013,-1.031851829608696,-1.2616365377052507,-1.1387197889728884,-0.5340053405729805,-0.553722508458891,-0.5158772678893295,-0.23041126876968976,-0.858565023221211,-1.0406002332283704,-0.8556255205265377,-0.13227429559065995,0.25161894281136954,0.16650091415853407,20.62012855963931,0.9190659829812731,2.4055820761443663,-0.5595502626605104,-2.0357929448959,-0.8953410286759986,2.6365756932769258,-0.044917362548408946,-1.7086736598857781,-0.3726716630942155,1.3192827639861844,3.699365591066953,0.23672808714112614,-1.8688161821161495,1.0251241319006033,-0.11061989984755138,-2.0499280330733947,-0.9931804340782444,0.9359460065554299,0.4357810535268416,2.3736727560796886,47.50143290742277,59.68256893484222,-55.42805265379795,-0.7134368647565648,-27.90045508465238,-7.5074494644787775,8.561903287878991,-8.39992041910784,6.840990170538623,4.740093234539554,22.488460185227392,-0.6765827623076035,-7.051607286887568,1.0504057612437587,-6.955599824692507,-3.6878635768216306,-0.2737841842527864,2.6984046648732622,-2.6382856783640394,35.59599891153793,57.072973428545204,-4.072749489907857,0.3505006407884146,0.8304799292620606,0.001231669076156905,0.23692846811789492,0.026581087743521525,0.4110001889191799,-0.5774163679662543,0.6604649345584246,0.3672433947134821,-0.2770234460862504,0.8088533387147763,0.22774713680759495,-0.5373960730077787,0.2968216270470043,0.03631711172212215,0.1812631570501806,0.2622927257085381,20.62012855963931,-0.0006454137052500641,2.0123872804771086,1.5333069735033473,1.4552732465991989,2.2825526757425485,-1.3884417951165746,-2.125459283859869,-0.9848716576266772,0.25923358725496604,-2.511802670604522,0.2765088300910552,-0.7800476442067166,0.5801423361882234,3.3964241898143364,0.15659746243363304,0.0659976898183341,-2.1550037792171723,-0.1706087417560569,-1.104399989130161,2.3736727560796886,-6.370508041151503,100.63843124583708,0.43304177522035214,-17.443294637441767,16.76614043336727,5.993405990774059,-13.955049171718061,7.164003582641289,-7.031938717477116,-13.69609701591876,-8.238379245512988,1.8211621281636718,-6.718185289568967,12.043622516555494,3.1912664882681243,-11.836773650012304,-6.942536321404683,0.25373714768694033,-5.896181541759217,35.59599891153793
50.3714196663057,-9.43074336425531,0.8021033157394379,-0.40015405233868684,-0.02696725497467023,-0.27586892400399377,-0.6108152075150901,-0.8619919250423038,-0.22666263038728607,-0.42998249344973827,-0.544667551757128,-0.61624692250889,-0.4308903221962437,-0.4336386533808345,-0.37042538165212857,-0.15013526193253135,-0.21969265523044768,0.26305670575305906,0.1910694101034034,19.38168702926073,2.4988638388382753,7.926441980453595,-2.8578279061661616,0.013736299794215423,-1.8941705980788557,2.5118253922836384,2.1513206555971514,0.10463609783658878,-1.4794941800589965,0.8374561674099694,3.7909854275734878,1.679635816481099,-2.8567723565417333,-1.080419631159563,-0.46206833097432387,-1.7396275656608218,-1.7510418270875248,0.1315899246598493,-0.6277935781335799,3.388899164373907,67.47748125410095,58.22892971370659,-47.99520289755135,-7.263794695197729,-22.05233875480304,-6.828684275782223,12.296390653807807,-2.60557576703874,6.374959768265233,-1.6751795118378205,8.62962868586439,-5.717526390928734,1.0333616370178529,1.4027697866297455,-5.812505098801163,2.846626209560156,2.6843190049468992,-2.1949120113727503,-4.3155802411047866,34.98659198020372,55.9365077483172,-5.001118588665383,-1.5882876087420246,-0.5683326085067204,-0.023372567517770282,-0.061115744058237276,-0.45291718675053927,0.23644619484492146,-0.04399989387547176,0.036342824183345,0.6987383603765025,-0.019490648204985916,0.03660854084525411,0.28915996258752674,-0.19581370336511927,0.09271275375028032,0.07890262094103995,-0.022794031939260773,-0.010800996094507909,19.38168702926073,-3.154260360758201,8.715181586044814,0.4451187961503065,0.761502908952369,1.577384986868875,-0.3222271640446621,-0.5938823271029254,-1.946498711326179,0.7295914787695925,-4.132393389607206,-0.14119914916611132,-1.2848290515155862,-2.7210877891189953,3.940927784163499,2.015230939146032,-0.24515329204106817,-1.7562882070108845,0.9868640801005344,-0.9468983926395746,3.388899164373907,13.670729651919288,89.36436657847503,5.852528691540305,-12.974355187444575,10.427146719431589,7.060929411819933,-12.889114149794455,9.439251544995761,-14.750716751456979,-5.6239432533526905,-13.408346161898274,4.804903401285896,-2.3443308972520795,-0.9803214664046034,-0.3730769611635485,-10.027631920507224,0.7104523489273897,0.646425866495951,-1.3654104807253706,34.98659198020372
56.705001686316365,-4.6009333655994915,-1.7749204670098737,-2.025906748411627,-1.6569043519176736,-0.9956393944803312,-1.6124683312055628,-2.754644911328839,-1.1937402892948894,0.0050797679041227894,1.1225653807558869,-0.5013965328789411,-1.1942696645111588,0.10046652916254306,-0.7805024955244599,-0.08685187662743488,0.28469851150791436,0.9870056889040193,1.0093978928058505,22.671849649827784,13.608479610234333,14.800874076851366,-11.58701280192675,-2.711203645304953,-7.232396477689338,-0.6490600959220192,2.684719254035265,-1.8573618631360602,-0.12227664209628086,-0.5129959013984857,4.100484653354906,-0.4977921707210555,-3.0297719238551677,0.18638979189386395,-1.3376689517555955,0.7509025077109148,-0.010084345103639425,0.1336351495523489,-0.2944405519343918,7.582025969368008,56.303006899187466,-14.400992077175246,-32.90526209836448,-3.537158559497751,-6.022163471000216,-5.786120968070254,7.699195026221332,14.691062218432549,12.219394345017164,-8.931248445740135,-12.938769838101503,-9.625906358549434,13.84335339855525,-0.08946474925275116,2.6776825614764035,7.348927659026672,4.493593081477926,-5.465017961316585,-6.077544236403598,11.534963488554414,58.85672401535661,1.117170741016003,0.19077186949123615,0.2887626111628765,0.5734277002890709,0.3997926785339305,-1.471791639897023,0.5335279019349803,-0.26152661003919375,-0.671587533078815,0.14629452945828447,0.17954034234463956,0.987516318755802,0.9342123978736536,-0.12159343146876278,-0.3314237778964202,-0.6341666847190646,-0.09949445975376103,-0.4550880286661263,22.671849649827784,0.6228913341212134,22.27869904949165,1.3652996447689452,-1.6780149930597381,3.5660488845922167,2.2166506807967608,-4.294775104731489,1.0799701736735448,-1.3390752805741895,-4.672573606880715,-2.8470293183184356,0.6339779637416822,-1.6886518371741208,2.2332089669711728,1.6254512467439948,-2.104586347871872,-0.8574329012298363,0.910339589581294,-1.1882578063957654,7.582025969368008,54.21320759539644,17.723363256725698,-13.112604534639773,-16.27437777959771,-4.832746902961682,-5.756465933193918,-2.439039105436737,9.464711986010723,-14.662712932958105,9.311257687852585,-8.581845998521787,1.922894916785801,-3.3134766640538835,-13.57396333092807,-7.940096479050012,-2.5283574231006956,8.541258901620706,-1.6762142589084168,3.1144141681849353,11.534963488554414
54.639833172991636,-2.1898098356942852,-1.173318128625903,-1.8206301455457865,-1.3722687303444565,-0.5248782564732157,-0.8654768994549507,-1.8843541480768147,-1.1673618904714331,-0.4712429542508816,0.6414052064065796,-0.30357437105713814,-1.3681720527674095,-0.7846269211684258,-1.1247946109581455,-0.4012695812503997,0.11265348094745442,0.6377797094177944,0.37292805990975353,22.407894686156958,24.275341017522067,9.833667774243706,-12.251263243407509,-5.356379308763863,-5.403833927848865,1.7335349533020774,4.474508584354071,0.019068609040953532,1.6890119869273867,-1.3314270595781195,2.4608375184952456,-2.5197772491060086,0.7068980471030537,0.7117918178601594,-0.7792624586551962,0.05148960991669971,-0.19230433724298024,-0.5036219262586166,-1.470357164816801,10.081198091611292,15.893514955273702,-44.63264033057858,-5.511042153185369,6.898784561173174,10.027690189531668,-14.880796630757704,-11.791830241258218,15.622717214772663,10.65613197092566,-5.43756910043769,-16.627562987457317,-6.542080563094816,17.797184306146875,1.8670395758619933,5.367070358897118,4.0345464348021345,5.644697338428931,-5.278435785463806,1.1688265762216443,-6.4750661133716285,55.0636146247866,2.153367898868568,0.7832086035540065,0.6411189169303175,0.7218712615013803,0.3908206245184518,-0.9172145525688267,0.033051229641514634,0.012543812802154886,-0.8300759788581384,-0.1090253168639137,0.050086018054677606,-0.1674858220407338,1.1095152205729546,0.08704857216220163,-0.13883548901390208,-0.5279709806129362,0.3307113184784649,-0.1079646535946126,22.407894686156958,13.897695134421099,18.161959644553015,1.2633097415695618,-2.1723528990915555,3.47846303506297,-0.6161886800990546,-5.337067908415531,2.1422851939299923,-5.889719422962503,-2.17731011310212,-3.9438372032265927,0.9738799417633421,-0.9557906244647483,0.8463809622568443,-0.33015258506215006,-2.008612372617082,0.15923890286924758,0.3070665303102871,-0.563448013158762,10.081198091611292,44.10205409763835,-29.92984117652213,-13.59970778853156,-11.211649003026817,-14.446390964895972,-12.776833856934523,13.493073688344225,9.443757816150194,-0.5815848010349098,20.59055594798882,-2.5697015849767166,2.952603596243005,4.722045041222171,-19.17214470245136,-14.310437055769558,4.51531981408414,7.174327208138382,-6.756503349311273,2.9187011471406974,-6.4750661133716285
57.821550099533965,-2.7184148607496095,-2.7603190126679893,-1.9108050784070905,-2.7915933771860506,-0.7482136142667999,0.4378386433788668,-1.6791363577560254,-0.7295084799789553,-0.7698730608716517,0.9034834391367084,-0.9211096289757332,-1.2766563654116907,-0.5898759933804834,-1.3322500944531597,-0.35460710701214615,-0.3034895362314307,0.13107501575517633,-0.07164868671183688,22.898037715875198,18.18233084323311,-5.7485268593383125,-12.315463643222078,-1.1193144203657361,-2.151591099291102,0.13266042873257922,2.6430861861837975,5.679641193728314,4.152772425921175,-2.061899845389839,-2.1049453734446772,-2.4765185593400374,3.2710253153390823,0.08428603276436641,1.3868184447310865,0.7289772086511805,0.4742473617384466,-1.4789570486436299,-2.1817092713333466,4.795005036738203,-117.27910758873689,-58.29703030076634,48.10031425517478,27.458733156956782,34.029152724539216,-10.056429939594892,-20.9270917177175,16.569779381326164,1.3410101736568643,3.4497721445214586,-17.138512355540495,8.556886913996435,12.532489208477681,-5.0465232159171105,7.165151679720061,0.5946469982248157,0.7944553639556926,-2.539450804667432,4.422735059319169,-51.152376082684526,57.82086565737111,3.4893567910709926,-0.15259764297512834,-0.6132533299863274,1.41163419686269,1.1192856242279308,-1.888657781713079,1.0526827583576557,-1.2752258615921623,-1.2426124673611914,-0.6523894258255276,0.005177202654758961,0.06657460157070982,0.9341739913004674,0.13389841260055824,-0.6396974255068404,-0.0889625381158079,0.45968027663196476,-0.2832543487392922,22.898037715875198,18.57998063640332,6.150679879585857,-5.4320907665261675,-5.214987739177694,-1.0843597998353398,-4.119694003686337,-0.9733860459219348,1.703092382750599,-3.7624674283580384,1.1662845350692277,-2.113095142139598,-0.9479546824532803,-1.9592445781658419,-1.8432840646963715,-2.6407590149872817,-0.3164514814440067,1.1578621166531142,-0.6688170963151416,0.2610819052219002,4.795005036738203,-65.00455135831876,-87.16877953887442,-11.821423174459838,4.1062222573380485,-24.029520749236795,-11.184733245636771,33.06641918390097,-3.262452964999891,19.66578567729912,22.56529540667555,12.889394605677449,-1.6269869643256836,1.5577705743140164,-14.752916321948334,-8.773360932733077,13.97652945834485,2.965130911202565,-4.440845664867538,4.195733905324993,-51.152376082684526
61.95081596845793,-5.455168729558398,-4.830829033135259,-3.1358945417228865,-2.1615397062649144,0.46718566254027927,0.6012855973697304,-1.3902118973082338,0.38572745841844025,-0.7082196088509107,0.7952921783000839,-1.6662789990134983,-0.036247948194450874,0.2674285168207584,-0.4841828115153768,0.009487158218174141,-0.021750799982265256,0.43921107919817226,-0.0035858825461534405,24.309192042042667,8.158695699975738,-4.115177716740857,-5.2491235621111825,2.667183967911194,0.5792718074878596,-5.319433185422513,-3.7237779311062242,4.147493176790733,1.7110472713951057,-1.1068764108131992,-1.4200810527553802,-0.6020412707568177,2.8914211769345792,-0.09584796366381765,0.859223150230894,0.2886083012701126,0.8291409887058976,-1.7013318689740642,0.9002540696767196,1.5448765740029948,-211.32218586000167,-47.05475034320104,73.01693822152967,30.907039274548175,35.209363316278065,-6.961250431408342,-14.466202884621572,2.6091579367846016,-9.452337059275024,7.2472336072790915,-7.944222818899263,20.274553422733156,-1.5660242016918762,-6.484092990637489,2.2052574936349436,-0.3520751982016488,-2.6737361351894675,-0.14189975285062073,5.232758218924294,-83.2469659100467,63.4032844945205,2.893768208583629,-0.7849479817240614,-1.2035010874778962,1.2967557017269051,-0.7289565569547647,-2.9130180700502764,1.04801136359858,-2.482009979580239,-0.7667997652265268,-0.8738382635948878,0.5546308925216255,0.01918408720542608,0.712369647002542,-0.4886359179308548,-0.7574566087530505,-0.1140800009259646,-0.14884813497698013,-0.37844184263730596,24.309192042042667,9.918222036919921,1.8142705827366434,-2.956039892467918,-3.0758352195020615,-3.3206061533653326,-3.5424717502703746,4.49195998766441,2.463819092210391,1.650495152144062,3.243455513412233,-1.7930170297438885,0.9824390697033973,-0.22476889801204925,-3.6068980512284083,-3.0068824578731093,1.1184391817870691,0.8232278881168313,-1.601809251606884,-0.21221767487805865,1.5448765740029948,-159.4646041523383,-101.42188211937781,-1.3306460541474423,8.477692416877712,-19.219234014139527,5.87435953697984,29.12909837347399,-11.91398707087262,30.020195303640286,9.847852806635867,17.144478315725788,-3.9232226002344963,1.2801189165814577,-5.82612266627324,5.229429392876749,13.435918507336972,-0.20180627146836283,2.0987239960654493,4.205140425293861,-83.2469659100467
62.14067571019977,-5.8425173483365915,-6.103896836366236,-1.927931760505945,-2.3380644136029956,-1.4253411396207891,-1.0243064865260045,-0.16189543984897226,0.10610124922076158,-0.9073818274907821,-0.006850791913203924,-1.0583034985707798,-0.22471905912809698,-0.38341817344986584,-0.40739917288030103,0.07225835796386848,0.5890243328419975,0.3468114796920154,0.10680022836713055,24.11870349025403,-36.97275152536095,-7.3732183280395205,8.962074485012476,7.00638129483591,6.790627016911905,-2.15079099635717,-3.679683347093336,4.363315543652131,0.5372108024982918,1.0996148464797835,-2.5283122387900283,2.821783297102566,2.1442111154679107,-1.9330519253027028,1.42566408366139,0.9296666611466162,-0.12357932610023203,-0.5372352814236432,0.7316213604784323,-13.726001313170105,-147.3286670879397,-12.427116642009043,65.22807819475716,4.307274608973872,21.986832526666703,8.945190584605733,2.652828252594804,-16.94354123678406,-11.521952294474637,7.879302672682664,1.667550955072855,9.988470430155058,-7.767736029802068,1.0098473768707952,-0.14064569361899681,1.0201188404310764,-2.916919283313926,5.50217829341529,1.5879001421952392,-52.263313781694166,63.976879398691324,3.8223105259514005,-1.7411952211328137,-1.3964212562218634,-0.2561944197413615,-1.10016573257263,-0.9605829041172655,0.8775940263317472,-0.8954834280270161,-0.12008337236000699,-0.5278465682460274,-0.5467094361154745,-0.08544092495019884,0.21114315231067415,-1.1541306939158755,-0.1803389587488493,-0.2621811162359933,-0.19412328118360933,-0.1893084815338295,24.11870349025403,-29.889647796287584,-13.131846189037375,-2.4357371254422335,0.8268372958145389,-5.04917689581203,-1.9125744069359643,7.323920539179024,-0.7120232579665999,4.723710270522088,3.8996912831998833,2.5222578977789363,-0.18379508239118714,-1.275277413243462,-2.916609687260368,-1.4228642832170635,3.320152604098477,0.2931380617476542,-0.35564535189388935,0.7339939771263797,-13.726001313170105,-121.5854041205848,-72.08981623753078,19.521474280864545,13.4397728469105,1.4208008797628366,14.61523772074495,2.2800921106102185,-11.740298715995696,10.214099110035008,-3.893840687318914,12.443325529164133,1.9916429468628505,4.542858358065063,4.6931744747783375,14.453030997934125,2.8272897392292338,-3.922681687295543,5.235714860412793,2.3485741782949634,-52.263313781694166
56.5596182176466,-2.6853474502712227,-2.126090997832371,-0.4784748205407623,-1.3093973083920543,-2.8460310865074776,-1.996293300055627,-0.5692280186349747,-0.7296431193737387,-0.955926776347916,0.38653179555384565,-0.5359980716380237,-0.44843011744191674,-0.9357798129656434,-1.1576084966291278,-0.4703981631033507,0.0809670407636891,-0.32075445703765726,0.7338306372086296,22.57000008596904,-53.80821072818173,-12.881361663006214,13.618436803240048,6.034292470909401,7.729738672188665,-0.6053645498572187,0.4027919086818521,1.9818104024713459,-1.2293757309986835,0.7114323981266151,-1.2995904582817106,4.968348534039268,0.4872930461927014,-1.5215856984250502,0.30394346869712385,-0.22489271543184253,-1.2302590609183748,-1.0454326862939203,-0.3106433712605434,-22.2817816884579,48.15964094910892,3.6373193157852857,-7.3789951001429195,-31.25309167883883,-11.128058868640817,21.39548265342118,15.846276710488535,-17.075973275295972,-4.942310521036328,2.691245492915926,0.18178306238864916,-8.409764910828429,-1.9052199760809652,10.46138592105616,6.433292536462288,6.2662095481841975,4.696305775014131,10.126987388167507,-4.285697976754916,20.554283884497497,56.944718772586455,2.8940263227966856,0.09948744639889018,-0.5052147297029452,-0.10451750687926031,-0.27068957221645507,0.8647280024654718,1.3525051417596643,0.6479201720916128,0.23038723034738595,-1.067805260525608,0.817248872291493,-0.2038625077863041,-0.33241838554635295,-0.7723781035161361,0.19070486850063695,-0.02974774749442788,-0.14329152841719006,-0.2610464246363733,22.57000008596904,-41.599792725402594,-22.907718380824274,-0.9001901060461264,-0.9544192081488152,-4.148745424018448,1.2174312900156792,5.078827985770986,-2.607150521147718,4.877289379417578,1.3799129161504853,2.3107254346770345,-1.3698111583849528,-0.6577147486352093,-1.5300175595977774,1.6756147454911154,2.8910448382801617,0.49069779458779617,1.1998426561323856,1.3026661635359287,-22.2817816884579,47.95221534803419,0.7495265932425639,14.099017687925151,6.947012124813435,14.682609200220277,2.524984013114402,-21.24387121441987,-12.15716986255109,-19.040926170424186,-13.888394541803919,4.433598496432901,-1.7535491492408517,3.911900963485265,8.39987252986882,10.148024353116167,-8.86586657497744,-5.031145999590139,4.046046561147094,0.7452686930836112,20.554283884497497
42.030773212259156,-7.789934664412957,0.36834921218680483,0.26367570841980204,0.17764893233347223,-0.16700073792150638,-0.1032135814551225,0.09202947473341094,0.09678221016628008,-0.09621205388325738,-0.15629248888518665,-0.0753584441121875,0.0015402769459975652,-0.9547977911386338,-0.28270521006558913,0.3501688842219244,-0.4166381196545239,0.2424401431612695,-0.07454626635001227,16.90463303732696,-24.498549486658007,-7.578993207210155,10.864795271480881,-0.6492313673779035,5.266591731691848,2.2482214032527983,1.9062153925871614,-1.709288037504022,-0.13799222011924828,0.9685970864815858,-1.3314151931450846,-0.26747824666055164,0.5892213658089873,1.3020785885803803,1.5941354386884732,1.4957871372176963,0.04548774489361973,0.9441825067239435,-0.7823104797670954,-9.423322722878432,268.98967960755806,48.73885717749219,-68.45309094527825,-50.62951931833163,-31.514476392555785,10.577562033972042,9.184383915272868,-17.33807868856119,-6.067719512714881,-0.6575810387816441,4.456920369225127,-20.379314917318588,0.461363964259899,14.472057947079247,2.7943879356110046,2.698095762174111,8.277196232264,8.485562523238952,2.7147284558905387,109.10782762166168,46.10532462019434,-3.0766953605542238,-1.812683919757721,-0.5489778609665334,-0.4123176467402425,-0.06613507160920618,-0.1155705483814411,0.5444242402938135,-0.4783358021670443,0.20863967645179393,0.7057230215293007,-0.2180293284257684,-0.45954080755515614,-0.0017368360552691975,-0.43566263621533285,0.5462981379155543,0.015440366042250853,0.27907929740512505,0.02504493082343129,16.90463303732696,-16.453714042727817,-17.533233757399074,3.3007214806952088,0.44419067860093353,0.04011027537263612,0.8079733365431103,-0.12677398967011344,-1.6315721685681939,-0.26881498697729245,0.15113549004064453,2.0566963902320072,1.22399190502232,0.5286575261782693,-0.5351370731225182,2.2445078822976683,0.21089055992406402,-0.6372136802301398,0.5482143800216199,0.6779270751623883,-9.423322722878432,226.1113362428514,88.4666657645291,21.38472902575066,4.425699740246214,13.811674398004163,-6.007254116000256,-26.748562436158558,-3.5242871501034294,-30.478831478904468,-16.145961240021048,-10.36168420493455,4.461490377605726,6.751320941547465,6.203886772416233,2.0138697678733166,-16.00049778226179,-4.283712980879083,-2.247945669599214,-3.285834680135663,109.10782762166168
45.101661853337376,-10.922140903023323,-1.2577336557917556,-1.2145520407310593,0.44547295686118416,-0.46466681323797143,0.34213509917521545,-0.5262691533637525,-0.22430088755366073,-0.7580882965913656,0.22021779764521998,0.3264227407768394,0.09426890686485256,-0.2076745235473827,-0.3945580585741708,-0.24191446262677507,-0.13404910419319194,-0.031319595683414914,-0.06823432081785374,16.775336424277253,26.001415155178726,-2.1936306192628967,-9.889981505416845,-9.131555540401315,-4.222739984222519,3.1788019414830915,1.4064110542977946,-1.354191670279175,-0.4225064778142884,0.3042552156438627,-1.9276380443835275,-3.2622929542894736,2.7163060637235583,3.5172797399227207,3.9916337409484965,3.1386528373266716,3.092760340716037,2.6214529310358956,-0.4856289985779745,9.670679221105907,274.01611039599084,61.47565209147595,-73.52159969811697,-34.21216995797373,-23.75498925965053,6.856216754850042,-0.5908115405365773,-7.094168072072399,-4.574823697023987,2.713304269205114,2.3558847953634445,-16.222130423783756,0.45501828874860273,5.685718659131014,-1.5278200528008272,1.6467542730424114,5.899700677550736,6.927453466907796,9.634636700056973,119.51575699203293,51.539165521067694,-5.110588038575695,-1.199298685434671,-2.1044323891799688,-0.6995553967828783,-0.637256242428637,-0.7961102550326955,-0.08897900395631231,-0.25193910280143594,-0.24120483155718464,-0.3352603411440347,-0.294614740515704,-0.12262334580969991,0.05380086138662499,-0.010062574035568428,0.3247472620548284,-0.007541844771188577,0.2144719037948455,0.16571453295202798,16.775336424277253,27.176362834157132,4.389727663538775,1.2252396484259367,0.5889941515114585,1.4760548611524724,-3.640253615452711,-2.4046283551209564,-3.1549913837643566,-5.3737053043183405,-1.8264638609101067,0.6565629722460267,-0.5982289986237821,0.8292141140197176,-0.5976980933629239,0.23344363592760797,-1.7598630836144447,-1.2271692406893413,-0.030715836991091594,0.18845012264574268,9.670679221105907,218.68108384427472,110.58562905562661,12.011013795715755,9.596423033791535,0.4366977539688728,-7.462827737633955,-17.679032323691224,0.6244621162460229,-23.782605904514046,-8.729313880430773,-8.648729913454616,5.282140092182059,3.6076585937873196,2.6825512993397194,-6.405050318277393,-10.674876804216048,-1.3006092825030895,-4.46992259618159,-4.11460014074272,119.51575699203293
55.62037914902538,-5.5136172255656195,-1.1056778716461033,-1.8845088340997482,-0.582203680383691,-1.491912574629143,-1.240412989847845,-1.0380188912365944,-0.21556597674890154,-0.5220025241282644,-0.5894013895314334,-1.6232530281084872,-0.20145788837698797,-0.09643152386880605,0.00814332743645707,0.7059100763344288,0.7192762777672479,0.674185302376866,0.1166774674968245,22.30437395966071,57.61727533673784,11.652344738834922,-13.510261833298202,-10.725454358674549,-2.9903718511603956,1.2459067749586956,0.41069903773512584,-2.637722764253202,-2.900083580451346,0.9744129183303376,0.014171738873443918,-3.252553417392358,1.2603865888324317,2.783544329063035,0.9790129153412062,0.5969417658544147,1.8535090892145623,1.8721031715309246,2.176478402082417,24.85168204287883,93.26231228384316,15.988187227185827,-40.10560927939011,5.138615255885561,-8.197211250932536,-7.154481411251252,-2.1406256923265823,6.398600296389333,-2.892067156244575,-1.224542356807948,3.782800782660047,7.1247257181766415,-4.7102494410522855,-7.344787721335771,-11.084607349412618,-7.654737580406025,-4.495218132919659,-4.434477404120206,10.019265969076518,37.97703953326964,58.452799003086795,-0.9419991720619465,0.5585585851315713,-0.3747170871828849,0.06137966289676555,-0.5128957291949838,-0.19355077020323863,0.7825500149056386,-0.5799612840691379,0.19128040361260057,0.13422916717918953,0.621218322799284,0.13826825715063373,-0.24953500771707393,-0.4130345175073251,-0.14191487556391302,-0.5918909077126828,-0.09889780727881714,-0.06372542274683601,22.30437395966071,48.77794254535825,17.452763671045652,7.193912510197065,2.2679804861075095,-0.9557398393954086,-2.4873590122018974,-2.308632508454283,-2.2002464017099954,-5.390208127062188,-2.5701009482803445,-1.8315029734728339,1.6611590265310903,1.3569186262028068,-0.280826034169678,0.30515615550134845,-2.3546423260851137,-0.9897849110533188,-0.8643389401317576,-0.3518153424963588,24.85168204287883,71.77624972169954,55.22504984091188,-12.413557936627557,-4.44548149628675,-13.003861698433207,3.4368286072236147,-1.9075347257457085,3.1538406691106733,2.550054256553023,-0.6360183159823833,-9.519445232690298,-2.2303675735792825,-2.126133176951535,-0.3283627484539329,-5.905305445199218,1.0669512457852706,4.748701708146956,-0.3298219033205938,-0.7842026352451921,37.97703953326964
62.76552282685285,-4.92032147932634,-6.334068208624339,-3.9701603194816446,-3.040840994144732,-0.5941741974121135,-0.7244880687103685,-0.6812996707895596,-0.7847222648232921,-0.5909039334034811,-0.3607327763147947,-1.3931972567846107,1.0112219970813552,0.39367692336080307,0.6927841050940973,0.9210576595037328,1.0593900124108218,0.7740994288724923,0.395404270996224,24.705469235355118,42.141932058115785,8.240795409709225,-10.954834493428898,-6.033681012429142,-0.019274166210477617,3.3239011417148534,0.8551443158395813,-1.1010562701902638,-2.1357418993446284,2.0651766168047963,-0.7944415266092526,-1.6501790924867068,0.3792195790552806,0.5805407608991295,-0.15240529602965625,1.047907106771004,0.8155806056965218,1.954333714756487,3.027280537843187,20.338594424679933,-109.1765159901222,-21.147712274804114,31.772725693179694,48.98558465862252,8.472899429870944,-27.22160620478595,-5.783366904511849,7.359655644902586,1.5155562157356193,-7.443347176805404,5.4766918770509765,15.419353579750425,-15.30922172794388,-16.502613174559023,-18.075609446673557,-13.260377802832833,-15.252098329577262,-15.80688447213456,0.7654877209046407,-49.71125113812824,64.35916299821879,4.021542060319934,-0.4735139818327876,-0.29784804083904026,0.39666126887847186,-1.8674360511499217,-0.29859606418410767,-0.34405343742842653,-1.9881197391165109,-0.6741650636880707,-0.4537768472275392,0.09851054736707576,-0.08815998312934026,-0.5073683463969125,-0.666970344906336,-0.34512016656685174,-0.3396667309616317,0.030339105429235236,-0.1224361865283683,24.705469235355118,35.12492090269174,14.892097432766668,3.158721277060822,2.931897404993664,-3.432471489649989,-0.8663164044287943,-2.66975891668254,-2.010582346453806,-4.453317002796998,-1.624125804904407,-0.06953984019785286,1.0526753269516922,0.7319839982461818,-0.31589742940433796,-0.5572345502494209,-1.1636271208232731,0.01667876874784091,-0.32884198188172076,-0.23976269800605787,20.338594424679933,-96.73053881056572,-26.429750883190138,-22.9503324395762,-18.022768830118196,-6.8744137493266955,21.2672715239556,13.53115289934107,18.22873492343696,27.44331775823783,11.134638821182802,-7.581601721397492,-2.4636144242754003,0.3829971107563388,-2.7636643004045656,-1.3815082394409472,10.547513990459755,7.3989486168803795,2.6675676692969894,-0.7342712391491655,-49.71125113812824
62.00748039387034,-4.964672006843988,-3.8486144280460035,-3.7212473315421795,0.42561998225623254,0.5207063416449125,0.6354475213552324,-1.1493166486802866,-1.0730488914245773,0.3074022236879692,0.14126866753154266,-0.8418251540276414,0.1732570262539621,0.13629864993879082,-0.3368698342291201,0.06715370608387783,-0.08660313334924963,0.7757822166487782,0.7818736387841574,25.365407653227443,14.06234820379504,-4.802112608103303,-8.655582874208145,0.37113899657879035,-0.933746802780441,-1.4015689024887088,1.111535915652977,1.363444410646189,-0.7274080874763658,-0.524134792502855,-0.006613060702198581,2.4888276815263857,-0.5973601123830168,-0.9019457825757096,-1.876148717528759,-1.2862087877074826,-1.0635314540564522,-0.9394965871964551,2.4708677365605825,4.231239441969375,-212.3770282063099,-26.372793715654282,56.44012367670186,66.33157427869169,-6.580408482336531,-37.623207909147915,-10.885491641520243,6.857695374269698,4.773192597408169,-15.68658668604975,5.11457730781569,11.695634141741913,-13.195727337957964,-12.229010291117175,-8.043059742650085,-9.347826324195339,-11.196430805115298,-21.098643602568675,-12.919921504577758,-95.8330811507975,64.08429715429791,1.0836214255207879,1.42137998353987,-0.318279792083243,-1.438295899268622,-0.6947246733495125,-1.5186438980328765,-0.42816174382512706,-2.3053495475406005,-0.8599306816229353,-0.15077021216536401,0.41598754089838685,0.20168682420606743,0.13843475075166056,0.045369326970725155,-0.29608931081616263,-0.313389646389187,-0.06102377347794863,-0.006787380684549982,25.365407653227443,15.46013178385465,4.828106278442915,-3.8727983019360117,-2.9500016962835445,-4.007557398442737,1.1394190346429593,-0.9479760717621759,-0.6268563526681326,0.546017990538548,-0.268042695953397,-2.3399748198912023,-0.7166440445550584,-0.4857940044107303,-0.8402187793287776,-0.31280574721342624,0.44624820142111354,1.115213169124747,0.5323665008066376,0.4999321678656925,4.231239441969375,-194.13991735179914,-44.913871593787135,-34.3849771191861,-22.756297608034536,15.186668777405671,22.125687318596306,26.160338877472448,25.17465331178027,35.97749824203331,15.107275183861132,-7.083922753826005,-6.118921610969023,2.1440624844489107,-0.6320904030422998,-4.2641343194966534,12.619440437457094,7.6918624282820325,2.699939828408392,-1.658323139792485,-95.8330811507975
62.97907725997279,-7.076215807529526,-5.363682624306254,-3.3130232982244143,-0.06807595756401641,0.1909742994824275,-0.16822299850653266,-1.0211484097370382,-0.8634303798881371,-0.14020236209708425,-0.5423379941908943,-0.8893807425069369,0.09652123907701782,-0.03376923000161636,-0.29825412575621035,0.6014172758840024,0.6766809042133177,0.8950488045588725,1.1128078624600735,25.41411678983385,-6.8093792734109755,-4.540258083195841,3.5690418616279747,9.812940111283273,-1.0146027934770245,-9.108263322186183,-1.8356908369170557,0.32505256472242205,-0.7510661164339689,-2.668144517342243,0.8211002939297822,1.5766932861263663,-4.009431449640657,-2.8912817915374176,-3.6185901659532993,-2.5499607873087964,-3.0747685524370874,-3.876189425667694,-0.25007980536473684,-4.874725047503485,-213.81798211537648,27.28221702519847,68.7739454160154,45.813725009892906,-2.5533951877446475,-25.81655341487956,-12.737739698345909,3.7708913616887862,-4.567796693853965,-9.210410107051658,7.967407870724593,5.5708362304805705,-7.047339627107983,-0.6889515469928322,-1.1010006261142082,-10.476383869077472,-6.921738443517591,-16.952657776091716,-18.774225021711903,-85.36308919732836,66.285876896808,1.322650379016272,-0.05134874610840923,-0.6667023342329577,-1.665953360525179,-0.9794999725657698,-1.4684431494591466,-0.48891429781783247,-1.6159034724642036,-0.5276621913916202,-0.22753057157068435,0.33433831391059066,0.21165936978567412,-0.29813273254991124,-0.517881771399304,-0.17997908073068336,-0.13845309105901604,0.031113895953550852,0.01736416291785603,25.41411678983385,-4.530001190373923,-2.512819081754926,-4.716571165295624,-5.813399172352112,-0.4352432339872112,5.179993123102659,3.680619876203525,5.172681053433192,5.379840516000206,2.5898264235178208,-2.8800019652435354,-0.641134675218408,1.9420689847046555,-1.6998338709856569,-0.1483295324354783,2.1134486478623193,1.4198060276618156,0.6047152771882054,-0.6045592521098657,-4.874725047503485,-227.65442598943446,-24.526110318769046,-4.891445860129198,2.874797915511785,17.3342854258579,16.23905873227558,27.543304154907922,20.33450176761217,27.27772558369434,8.503343090264226,-4.423916008782789,-2.83175108846567,4.670696025022197,7.815007339398816,-0.8890452185559341,6.839697234288537,2.378205452141896,-1.2262674248235654,-0.5672765767334362,-85.36308919732836
62.54477603436293,-6.836726365515678,-5.918662100909218,-2.027507846438968,-2.5354596000642693,-2.585271274320768,-0.9627775671232746,-0.1863723164397606,-0.5399159629546619,-1.0094207060328904,-0.5019053109444829,-0.6307474444841312,-0.04278756556632768,-0.3336813384754511,-0.4344119159027686,0.2226258742905527,0.3788651048377738,0.14396232093544836,0.993409540045191,24.06566990340603,-24.095583100653712,4.856474627460314,7.447861827524294,14.517022218815088,-5.782911778695388,-11.349614947664744,-3.686629206646677,0.07807050542530414,-1.2058251732025913,-4.502219857621017,1.7636894825117713,0.9818274641720621,-3.143151565798582,-1.5950495402772784,-1.3094245210220152,-2.278037449203354,-1.799531734276283,-5.761957059541322,-2.6448021786024998,-10.45819879642821,-201.44869677340066,55.75429860031679,66.43967585165963,8.565625743540075,17.273762735174643,18.261106632963557,-3.4022111002206374,-1.1424211498770784,-5.841042379099115,7.067952504795344,0.6486612714315494,-1.771421084467553,4.142637999934545,7.750771810335355,7.450285087810316,-1.0703657797164827,1.7857924028093013,1.6914561375143937,-13.676106526592351,-60.0362901828931,65.21950794571951,2.821499807811342,-1.5889231836986237,-1.6652907886276984,-0.9110917216227774,-0.3871542511655801,-0.08261526344680714,0.5415522687662753,-0.49306042212601753,-0.015992380512323212,-1.148881380594839,0.1449824172499974,-0.2545384215122386,-0.7742622043049634,-0.6439816778675542,-0.00136131777144044,-0.1348911431016171,0.16689804786234386,0.11634048646289807,24.06566990340603,-28.464555084008495,3.6982861314128828,-6.060929828217761,-4.737520029236871,5.138980421476038,5.55232988333053,7.596347533838909,6.795448554236641,7.681962234555867,2.8765605294391077,-3.968233287862995,-0.5513967778683715,1.8239073751980253,0.09509698509983155,-2.03136351315395,2.3165400083006364,2.1545826736307103,0.01885234453747553,-0.9985786353406974,-10.45819879642821,-229.2032661635185,-16.581277567053164,22.759647874472456,34.997051498443625,9.55488509440149,3.515260693198168,8.284930855634261,-0.20508152628083876,2.459705025103155,-0.31228133660800195,12.931737184298946,2.000358343516737,1.2226868285889803,13.663359949947887,3.2126740047538793,-2.0077768134048983,-2.77951726371543,-3.3894251834490574,1.8062452589766016,-60.0362901828931
59.09218536990107,-6.254423341588415,-3.5145234413787447,0.08943999360838628,-2.0676025997229934,-3.595317050522364,-0.8432209429296429,-1.0002455545486115,-1.4268217872752342,-1.266564727214173,0.37140435988810916,-0.7103894684931826,-0.8854714318288286,-0.8169739782007848,-1.0677399370457281,-0.4316588182540029,-0.7107283829012336,-0.8480853361046898,0.16459641768333877,22.917975586514082,-45.68809334734807,17.052610304526652,15.380415863712578,9.800239881399161,1.1286107278746722,-4.6103525431369095,-3.1146429721835456,1.4270763632645718,-4.180431703408498,-0.550985904161952,2.304111137146059,1.8887391314307402,-1.8715545077909286,0.5826168662534978,-0.9862677073401322,-3.6943704970197957,-2.277288475952358,-4.1107649371169375,-3.8019970154312235,-14.99823105478546,-155.17358330472513,25.951003657315383,30.473926269048185,-30.39422580420182,24.240611055493375,51.420937650840365,9.6801760127325,1.881479337541021,3.530243007838472,16.305078259406535,-9.843293554908236,-0.41957414169956997,16.446452773549357,11.001178516874145,12.46840508951766,7.829654389143624,9.619411209998649,19.20214425372621,-0.5164165851264291,-41.75261592875649,61.52655700732103,1.8961933282971941,-1.326647980861353,-2.5310421287428686,-0.08456243693805598,0.5687752993094417,0.8236995566246201,1.7574300829924683,-0.2043440438236992,0.19877899751553363,-1.3947222456345694,-0.08655422841793348,1.1109871320821405,-0.900936804361429,-0.39645960870493546,0.564240160841947,0.2809870312254912,0.2187358333531917,-0.4862797461570252,22.917975586514082,-56.73994865809392,3.1939523468971616,1.8070641101370977,5.26305552922622,0.6614023133195737,5.0467575373652105,6.8297313579708785,4.445516083899893,5.617573667041512,1.0552441275314535,-1.467368610603351,-0.44582385062448626,1.9124813209529028,3.1239483580807654,-0.1424782765571262,1.3210755928812339,0.6860967425658073,-0.6852186161589224,0.22585441523041894,-14.99823105478546,-162.52387152480702,-23.217641204375973,24.580565533077827,42.42569742603864,-3.5620875766893376,-11.65390456718691,-16.079317914197325,-24.049240462655227,-17.821631422899966,-7.0619710627964345,23.290591771210114,2.806513216614232,-11.238770812570806,11.004390987233315,7.2718616297335155,-9.446329789405596,-6.403831840190585,-1.758303572531593,6.905154189845431,-41.75261592875649
51.903134788579344,-2.947330926084386,-1.049263105747611,1.836032131948964,-1.4660725860119728,-3.260955457185063,-0.870368109756551,-1.120732823561848,-1.3942657743323243,-1.380526522563995,0.5662422317479265,-0.4404070589484874,-0.9073224211924056,-0.2696237461002642,-0.6068391890953688,-0.5553269714487965,-0.2926643569301155,-1.2336292427901019,-0.06642172812872515,21.384378856673223,-67.22264314593674,12.278602498193841,18.658568050579365,4.660301983290884,6.631527804131032,5.4800290244684335,0.04990643317590315,0.24122193643657486,-1.9332464835386585,1.9512621533046717,-0.42378784659456237,1.4470942166404221,0.4050204166593909,1.2364907936965102,0.5328325970698153,-1.2491868227102243,-0.5693752908941663,0.023519237285363426,-2.5912269217023502,-20.725152645836186,-52.967893676676056,-30.72683489338322,-2.4174030388457926,-42.826679934222724,19.87132463252309,47.56509546355706,15.807640308448477,-0.1092244421366213,12.859567229144405,14.48346538819484,-14.650068189098388,-2.329956559604639,14.563720766183508,3.0084248795616495,7.041635524330784,11.899370446869879,7.230740825131591,24.149105619980872,8.79415334283011,-15.546188552796522,52.231679557037154,2.645993016586768,-0.9714353131925386,-1.754869909446723,0.34049884967583566,1.3073026323781467,1.1334585158446946,1.8463903428880433,0.8298518554170804,0.21512898864304164,-1.551291019064919,0.3507354231284632,0.6639766306568469,0.4873852792073352,-1.031023510953434,0.49007107254784055,0.5541816292839146,-0.14540856990903128,-0.25425474381745805,21.384378856673223,-73.0365275640446,-6.315918219409711,4.245207997583855,9.010296702149104,0.2215623751046154,2.9636671741107676,1.6199336151712775,-0.36581463104190237,1.6570039275694726,0.34310778373578565,3.4195770949381785,0.18587971490634936,0.1403432417596362,3.579570081111955,1.2906056272243374,-0.1614536777907929,0.09230917981503617,-0.5173791442443273,0.987847963683851,-20.725152645836186,-24.025557921161834,-41.65610975145681,13.12612356685134,19.154949376512832,-7.309249621784654,-15.942105497877485,-27.783812875284653,-26.676245716087298,-26.076920592721947,-5.235603754312673,23.661714544078343,1.6642809352183832,-12.368188877273909,-2.978320289734644,10.952464012948415,-9.259180363695279,-6.952714448132255,2.104996312735177,5.2679290170130315,-15.546188552796522
45.45585120919055,-0.4946083749818446,-0.10817419003076756,-0.3446733467188001,-0.03846410065282857,-1.7763598806538796,-1.7717492132816672,0.1595700254562913,-2.526471325903555,-0.2301424059125079,0.07564380303593055,-0.04018136955938867,-0.4069885870054075,0.2255104069375391,-0.7051743428299764,-0.8567915497562208,-0.1261986028789166,-0.471537882136821,-0.2582750111685803,19.255646785807524,-62.83264090313202,4.724179810095087,13.20065188462453,-0.4558126730555352,4.898482942856452,8.187383517167412,1.1361293495379043,1.1842165179872972,1.3777660426533007,2.25765360689818,-3.0068078189711693,1.1342728390424013,2.4397089459050347,1.1935372999127598,1.6944838197596146,0.8504410940164508,1.1198588308711792,2.8321445527820686,-0.5350757263780261,-20.617556087177743,32.577061357333584,-59.41200582329368,-27.432272885068258,-29.565656159295987,-2.085305969654577,21.842870323690263,12.4547938713417,-2.660710041978826,17.62868859537179,3.1562888978582433,-12.90208982963398,-4.642325487810166,9.287319870258038,-3.5906164781817598,4.05275525039096,12.835653752890202,5.4757473174321145,16.72143365344735,10.551662497422669,4.456723085516117,44.409816762102224,3.0073799480771397,0.543439373707097,2.0096149907896645,-1.9610474895146988,0.696650354344972,1.3383856398805416,1.08142470707123,0.5314272222850034,-0.11560081220357588,-0.7600100576373199,0.008549885659114631,0.7086425041775828,0.6330177047343222,-0.3955999931349272,0.2348425205502931,-0.1399411059688782,-0.1553421032402228,0.31558898567324356,19.255646785807524,-63.50595071275937,-9.114537508531615,2.420642688342481,8.525541174974222,0.24242200085383137,0.6473721941190855,-1.3708321215613222,-3.2713075852551503,-0.5184960419565796,0.3255672649712642,5.071388728960935,0.3934836867013478,-2.8355343548615526,2.0601250746249384,1.826616712242136,-1.3707194037947643,-0.7509731455256399,-0.006320764686689739,1.854804543300576,-20.617556087177743,75.23342582846239,-32.99855792418801,-7.2733082195424,-9.910272252164916,3.537170298705984,-13.714272830796638,-21.865227823224988,-16.57800494444634,-19.757540883570684,-0.5828047881100955,13.29489606945063,0.2890377495763323,-9.923843560260547,-12.413921351392215,6.375313922651794,-5.382155533598687,-3.274221484115732,4.083521102069016,1.0231756332475315,4.456723085516117
35.75162154174982,-3.5773325997220433,1.707447298706477,0.5196998153700672,-0.23426494753383587,-0.7547353470207934,-0.4735602153593108,-0.6456691382239246,-0.9567144354098307,-0.552000790031387,-0.5659189558156748,-0.24230438563081713,-0.07951877964834275,-0.23667813419635797,-0.3492784144757368,-0.18940117131345047,-0.19808743062046785,-0.03255178740580433,-0.09076820638002459,15.534257980841215,-42.00725616109977,-4.342727572015514,7.3290422976454215,-1.7682914710689266,2.2678144300752665,6.034064753961626,2.091804786716837,0.14488820699563076,2.4448595683387118,1.335193080946337,-2.905885133978808,0.1940823305639121,1.9830770904451904,-0.39629731732608464,0.8710174775935036,1.3992419787134625,0.11726502487774404,2.841141005499612,0.11881384828595687,-15.42163055663033,71.2561587117062,-42.30956752252931,-28.530661092846998,-14.169665706733012,-11.358095260892718,-1.0452473042193997,5.039472144260799,-1.2319957698735546,9.823305629440151,-2.1545986706685123,-4.86327188977613,-3.4462142806315095,2.6994814921117545,-4.855410839284034,-0.14709658111873458,5.8456584875443856,0.37068682555038546,5.64423998914604,6.073971114640598,15.802969708959129,37.259614286306615,-0.8920526117834862,-0.4013628621909211,0.569529002680587,0.13793199221785168,1.0307418083720385,0.4700085025108709,0.6966476412059432,-0.032444091395632535,0.31275141621512437,0.2435510728756256,0.190370217664648,0.016805513319858356,0.24854558170313856,0.000891327959610333,0.08261066347899004,0.12172751540308568,0.09524744403688745,0.2093301023896892,15.534257980841215,-37.09433301725669,-10.975523816601134,0.1953426661052169,3.2087118361455427,1.6938457668165823,-0.21903019398514978,-2.195277164037318,-2.6842624692294867,-2.288463207306062,0.6235970835628657,4.593245314394035,-0.13891007892209695,-1.9861792255317015,-0.8621515180395769,2.4603209989206265,-0.967152675209004,-0.6032396063896939,0.7319015751689477,0.8209108091307401,-15.42163055663033,98.29600678907852,-11.180197502452367,-10.325030685194541,-16.9199990708358,4.395990549386685,-7.231797124296071,-8.454866600893187,-4.049850560349505,-9.66090143510055,0.8590084182457616,1.8691930243448116,-1.1819733532803374,-3.403689805252824,-11.80571979096758,2.973135030071069,-1.2078312662506623,-1.243364033273514,3.236783778682187,-1.3677680432760577,15.802969708959129
